282.0 , 377.0
281.91 , 376.91
281.82 , 376.82
281.73 , 376.73
281.64 , 376.64
281.55 , 376.55
281.46 , 376.46
281.37 , 376.37
281.28 , 376.28
281.19 , 376.19
281.1 , 376.1
281.01 , 376.01
280.92 , 375.92
280.83 , 375.83
280.74 , 375.74
280.65 , 375.65
280.56 , 375.56
280.47 , 375.47
280.38 , 375.38
280.29 , 375.29
280.2 , 375.2
280.11 , 375.11
280.02 , 375.02
279.93 , 374.93
279.84 , 374.84
279.75 , 374.75
279.66 , 374.66
279.57 , 374.57
279.48 , 374.48
279.39 , 374.39
279.3 , 374.3
279.21 , 374.21
279.12 , 374.12
279.03 , 374.03
278.94 , 373.94
278.85 , 373.85
278.76 , 373.76
278.67 , 373.67
278.58 , 373.58
278.49 , 373.49
278.4 , 373.4
278.31 , 373.31
278.22 , 373.22
278.13 , 373.13
278.04 , 373.04
277.95 , 372.95
277.86 , 372.86
277.77 , 372.77
277.68 , 372.68
277.59 , 372.59
277.5 , 372.5
277.41 , 372.41
277.32 , 372.32
277.23 , 372.23
277.14 , 372.14
277.05 , 372.05
276.96 , 371.96
276.87 , 371.87
276.78 , 371.78
276.69 , 371.69
276.6 , 371.6
276.51 , 371.51
276.42 , 371.42
276.33 , 371.33
276.24 , 371.24
276.15 , 371.15
276.06 , 371.06
275.97 , 370.97
275.88 , 370.88
275.79 , 370.79
275.7 , 370.7
275.61 , 370.61
275.52 , 370.52
275.43 , 370.43
275.34 , 370.34
275.25 , 370.25
275.16 , 370.16
275.07 , 370.07
274.98 , 369.98
274.89 , 369.89
274.8 , 369.8
274.71 , 369.71
274.62 , 369.62
274.53 , 369.53
274.44 , 369.44
274.35 , 369.35
274.26 , 369.26
274.17 , 369.17
274.08 , 369.08
273.99 , 368.99
273.9 , 368.9
273.81 , 368.81
273.72 , 368.72
273.63 , 368.63
273.54 , 368.54
273.45 , 368.45
273.36 , 368.36
273.27 , 368.27
273.18 , 368.18
273.09 , 368.09
272.0 , 367.0
271.91 , 366.91
271.82 , 366.82
271.73 , 366.73
271.64 , 366.64
271.55 , 366.55
271.46 , 366.46
271.37 , 366.37
271.28 , 366.28
271.2 , 366.19
271.11 , 366.1
271.02 , 366.01
270.94 , 365.92
270.85 , 365.83
270.77 , 365.74
270.68 , 365.65
270.6 , 365.56
270.52 , 365.47
270.44 , 365.38
270.36 , 365.29
270.29 , 365.2
270.21 , 365.11
270.13 , 365.02
270.06 , 364.93
269.99 , 364.84
269.92 , 364.75
269.85 , 364.66
269.78 , 364.57
269.71 , 364.48
269.64 , 364.39
269.58 , 364.3
269.51 , 364.21
269.44 , 364.12
269.38 , 364.03
269.32 , 363.94
269.25 , 363.85
269.19 , 363.76
269.13 , 363.67
269.07 , 363.58
269.01 , 363.49
268.95 , 363.4
268.89 , 363.31
268.83 , 363.22
268.77 , 363.13
268.71 , 363.04
268.65 , 362.95
268.59 , 362.86
268.53 , 362.77
268.47 , 362.68
268.41 , 362.59
268.36 , 362.5
268.3 , 362.41
268.24 , 362.32
268.19 , 362.23
268.13 , 362.14
268.08 , 362.05
268.02 , 361.96
267.97 , 361.87
267.92 , 361.78
267.86 , 361.69
267.81 , 361.6
267.76 , 361.51
267.71 , 361.42
267.67 , 361.33
267.62 , 361.24
267.58 , 361.15
267.53 , 361.06
267.49 , 360.97
267.45 , 360.88
267.41 , 360.79
267.37 , 360.7
267.34 , 360.61
267.31 , 360.52
267.27 , 360.43
267.24 , 360.34
267.22 , 360.25
267.19 , 360.16
267.17 , 360.07
267.14 , 359.98
267.12 , 359.89
267.11 , 359.8
267.09 , 359.71
267.07 , 359.62
267.06 , 359.53
267.05 , 359.44
267.04 , 359.35
267.03 , 359.26
267.02 , 359.17
267.02 , 359.08
267.01 , 358.99
267.01 , 358.9
267.01 , 358.81
267.0 , 358.72
267.0 , 358.63
267.0 , 358.54
267.0 , 358.45
267.0 , 358.36
267.0 , 358.27
267.0 , 358.18
267.0 , 358.09
266.0 , 357.0
266.0 , 356.91
266.0 , 356.82
266.0 , 356.73
266.0 , 356.64
266.0 , 356.55
266.0 , 356.46
266.0 , 356.37
266.0 , 356.28
266.0 , 356.19
266.0 , 356.1
266.0 , 356.01
266.0 , 355.92
266.0 , 355.83
266.0 , 355.74
266.0 , 355.65
266.0 , 355.56
266.0 , 355.47
266.0 , 355.38
266.0 , 355.29
266.0 , 355.2
266.0 , 355.11
266.0 , 355.02
266.0 , 354.93
266.0 , 354.84
266.0 , 354.75
266.0 , 354.66
266.0 , 354.57
266.0 , 354.48
266.0 , 354.39
266.0 , 354.3
265.99 , 354.21
265.99 , 354.12
265.99 , 354.03
265.99 , 353.94
265.99 , 353.85
265.99 , 353.76
265.98 , 353.67
265.98 , 353.58
265.98 , 353.49
265.97 , 353.4
265.97 , 353.31
265.97 , 353.22
265.96 , 353.13
265.96 , 353.04
265.95 , 352.95
265.94 , 352.86
265.94 , 352.77
265.93 , 352.68
265.92 , 352.59
265.91 , 352.5
265.9 , 352.41
265.89 , 352.32
265.88 , 352.23
265.86 , 352.14
265.85 , 352.05
265.84 , 351.96
265.82 , 351.87
265.8 , 351.78
265.79 , 351.69
265.77 , 351.6
265.75 , 351.51
265.73 , 351.42
265.71 , 351.33
265.69 , 351.24
265.66 , 351.15
265.64 , 351.06
265.61 , 350.97
265.59 , 350.88
265.56 , 350.79
265.54 , 350.7
265.51 , 350.61
265.48 , 350.52
265.46 , 350.43
265.43 , 350.34
265.4 , 350.25
265.37 , 350.16
265.34 , 350.07
265.32 , 349.98
265.29 , 349.89
265.26 , 349.8
265.24 , 349.71
265.21 , 349.62
265.19 , 349.53
265.16 , 349.44
265.14 , 349.35
265.12 , 349.26
265.1 , 349.17
265.08 , 349.08
265.07 , 348.99
265.05 , 348.9
265.04 , 348.81
265.03 , 348.72
265.02 , 348.63
265.01 , 348.54
265.01 , 348.45
265.0 , 348.36
265.0 , 348.27
265.0 , 348.18
265.0 , 348.09
265.0 , 347.0
265.0 , 346.91
265.0 , 346.82
265.0 , 346.73
265.0 , 346.64
264.99 , 346.55
264.99 , 346.46
264.98 , 346.37
264.97 , 346.28
264.96 , 346.19
264.95 , 346.1
264.93 , 346.01
264.92 , 345.92
264.9 , 345.83
264.88 , 345.74
264.86 , 345.65
264.84 , 345.56
264.81 , 345.47
264.79 , 345.38
264.76 , 345.29
264.74 , 345.2
264.71 , 345.11
264.68 , 345.02
264.66 , 344.93
264.63 , 344.84
264.6 , 344.75
264.57 , 344.66
264.54 , 344.57
264.52 , 344.48
264.49 , 344.39
264.46 , 344.3
264.44 , 344.21
264.41 , 344.12
264.39 , 344.03
264.36 , 343.94
264.34 , 343.85
264.31 , 343.76
264.29 , 343.67
264.27 , 343.58
264.25 , 343.49
264.23 , 343.4
264.21 , 343.31
264.2 , 343.22
264.18 , 343.13
264.16 , 343.04
264.15 , 342.95
264.13 , 342.86
264.12 , 342.77
264.11 , 342.68
264.1 , 342.59
264.09 , 342.5
264.08 , 342.41
264.07 , 342.32
264.06 , 342.23
264.05 , 342.14
264.05 , 342.05
264.04 , 341.96
264.03 , 341.87
264.03 , 341.78
264.02 , 341.69
264.01 , 341.6
264.01 , 341.51
264.0 , 341.42
264.0 , 341.33
264.0 , 341.24
263.99 , 341.15
263.99 , 341.06
263.98 , 340.97
263.98 , 340.88
263.97 , 340.79
263.96 , 340.7
263.96 , 340.61
263.95 , 340.52
263.94 , 340.43
263.94 , 340.34
263.93 , 340.25
263.92 , 340.16
263.91 , 340.07
263.89 , 339.98
263.88 , 339.89
263.87 , 339.8
263.85 , 339.71
263.83 , 339.62
263.81 , 339.53
263.79 , 339.44
263.77 , 339.35
263.74 , 339.26
263.71 , 339.17
263.68 , 339.08
263.65 , 338.99
263.61 , 338.9
263.57 , 338.81
263.53 , 338.72
263.48 , 338.63
263.43 , 338.54
263.37 , 338.45
263.31 , 338.36
263.24 , 338.27
263.17 , 338.18
263.09 , 338.09
262.0 , 339.0
261.91 , 339.0
261.82 , 339.0
261.73 , 339.0
261.64 , 339.0
261.55 , 339.0
261.46 , 339.0
261.37 , 339.0
261.28 , 339.0
261.19 , 339.0
261.1 , 339.0
261.01 , 339.0
260.92 , 339.0
260.83 , 339.0
260.74 , 339.0
260.65 , 339.0
260.56 , 339.0
260.47 , 339.0
260.38 , 339.0
260.29 , 339.0
260.2 , 339.0
260.11 , 339.0
260.02 , 339.01
259.93 , 339.01
259.84 , 339.01
259.75 , 339.01
259.66 , 339.01
259.57 , 339.01
259.48 , 339.02
259.39 , 339.02
259.3 , 339.03
259.21 , 339.03
259.12 , 339.03
259.03 , 339.04
258.94 , 339.05
258.85 , 339.05
258.76 , 339.06
258.67 , 339.07
258.58 , 339.08
258.49 , 339.09
258.4 , 339.1
258.31 , 339.11
258.22 , 339.12
258.13 , 339.14
258.04 , 339.15
257.95 , 339.17
257.86 , 339.18
257.77 , 339.2
257.68 , 339.22
257.59 , 339.23
257.5 , 339.25
257.41 , 339.27
257.32 , 339.29
257.23 , 339.32
257.14 , 339.34
257.05 , 339.36
256.96 , 339.38
256.87 , 339.41
256.78 , 339.43
256.69 , 339.46
256.6 , 339.48
256.51 , 339.51
256.42 , 339.53
256.33 , 339.56
256.24 , 339.58
256.15 , 339.61
256.06 , 339.63
255.97 , 339.66
255.88 , 339.68
255.79 , 339.71
255.7 , 339.73
255.61 , 339.75
255.52 , 339.77
255.43 , 339.79
255.34 , 339.82
255.25 , 339.83
255.16 , 339.85
255.07 , 339.87
254.98 , 339.89
254.89 , 339.9
254.8 , 339.91
254.71 , 339.93
254.62 , 339.94
254.53 , 339.95
254.44 , 339.96
254.35 , 339.97
254.26 , 339.97
254.17 , 339.98
254.08 , 339.98
253.99 , 339.99
253.9 , 339.99
253.81 , 339.99
253.72 , 340.0
253.63 , 340.0
253.54 , 340.0
253.45 , 340.0
253.36 , 340.0
253.27 , 340.0
253.18 , 340.0
253.09 , 340.0
252.0 , 341.0
251.91 , 341.09
251.82 , 341.17
251.73 , 341.24
251.64 , 341.31
251.55 , 341.37
251.46 , 341.43
251.37 , 341.48
251.28 , 341.52
251.19 , 341.57
251.1 , 341.6
251.01 , 341.64
250.92 , 341.67
250.83 , 341.69
250.74 , 341.72
250.65 , 341.73
250.56 , 341.75
250.47 , 341.76
250.38 , 341.77
250.29 , 341.78
250.2 , 341.78
250.11 , 341.78
250.02 , 341.78
249.93 , 341.77
249.84 , 341.77
249.75 , 341.76
249.66 , 341.75
249.57 , 341.74
249.48 , 341.72
249.39 , 341.71
249.3 , 341.69
249.21 , 341.67
249.12 , 341.65
249.03 , 341.63
248.94 , 341.61
248.85 , 341.59
248.76 , 341.57
248.67 , 341.54
248.58 , 341.52
248.49 , 341.5
248.4 , 341.47
248.31 , 341.45
248.22 , 341.43
248.13 , 341.4
248.04 , 341.38
247.95 , 341.36
247.86 , 341.33
247.77 , 341.31
247.68 , 341.29
247.59 , 341.27
247.5 , 341.25
247.41 , 341.23
247.32 , 341.21
247.23 , 341.2
247.14 , 341.18
247.05 , 341.17
246.96 , 341.15
246.87 , 341.14
246.78 , 341.12
246.69 , 341.11
246.6 , 341.1
246.51 , 341.09
246.42 , 341.08
246.33 , 341.07
246.24 , 341.06
246.15 , 341.05
246.06 , 341.05
245.97 , 341.04
245.88 , 341.03
245.79 , 341.03
245.7 , 341.03
245.61 , 341.02
245.52 , 341.02
245.43 , 341.01
245.34 , 341.01
245.25 , 341.01
245.16 , 341.01
245.07 , 341.01
244.98 , 341.01
244.89 , 341.0
244.8 , 341.0
244.71 , 341.0
244.62 , 341.0
244.53 , 341.0
244.44 , 341.0
244.35 , 341.0
244.26 , 341.0
244.17 , 341.0
244.08 , 341.0
243.99 , 341.0
243.9 , 341.0
243.81 , 341.0
243.72 , 341.0
243.63 , 341.0
243.54 , 341.0
243.45 , 341.0
243.36 , 341.0
243.27 , 341.0
243.18 , 341.0
243.09 , 341.0
242.0 , 341.0
241.91 , 341.0
241.82 , 341.0
241.73 , 341.0
241.64 , 341.0
241.55 , 341.0
241.46 , 341.0
241.37 , 341.0
241.28 , 341.0
241.19 , 341.0
241.1 , 341.0
241.01 , 341.0
240.92 , 341.0
240.83 , 341.0
240.74 , 341.0
240.65 , 341.0
240.56 , 341.0
240.47 , 341.0
240.38 , 341.0
240.29 , 341.0
240.2 , 341.0
240.11 , 341.0
240.02 , 341.0
239.93 , 341.0
239.84 , 341.0
239.75 , 341.0
239.66 , 341.0
239.57 , 341.0
239.48 , 341.0
239.39 , 341.0
239.3 , 341.0
239.21 , 340.99
239.12 , 340.99
239.03 , 340.99
238.94 , 340.99
238.85 , 340.99
238.76 , 340.99
238.67 , 340.98
238.58 , 340.98
238.49 , 340.98
238.4 , 340.97
238.31 , 340.97
238.22 , 340.97
238.13 , 340.96
238.04 , 340.96
237.95 , 340.95
237.86 , 340.94
237.77 , 340.94
237.68 , 340.93
237.59 , 340.92
237.5 , 340.91
237.41 , 340.9
237.32 , 340.89
237.23 , 340.88
237.14 , 340.86
237.05 , 340.85
236.96 , 340.84
236.87 , 340.82
236.78 , 340.8
236.69 , 340.79
236.6 , 340.77
236.51 , 340.75
236.42 , 340.73
236.33 , 340.71
236.24 , 340.69
236.15 , 340.66
236.06 , 340.64
235.97 , 340.61
235.88 , 340.59
235.79 , 340.56
235.7 , 340.54
235.61 , 340.51
235.52 , 340.48
235.43 , 340.46
235.34 , 340.43
235.25 , 340.4
235.16 , 340.37
235.07 , 340.34
234.98 , 340.32
234.89 , 340.29
234.8 , 340.26
234.71 , 340.24
234.62 , 340.21
234.53 , 340.19
234.44 , 340.16
234.35 , 340.14
234.26 , 340.12
234.17 , 340.1
234.08 , 340.08
233.99 , 340.07
233.9 , 340.05
233.81 , 340.04
233.72 , 340.03
233.63 , 340.02
233.54 , 340.01
233.45 , 340.01
233.36 , 340.0
233.27 , 340.0
233.18 , 340.0
233.09 , 340.0
232.0 , 340.0
231.91 , 340.0
231.82 , 340.0
231.73 , 340.0
231.64 , 340.0
231.55 , 340.0
231.46 , 340.0
231.37 , 340.0
231.28 , 340.0
231.19 , 340.0
231.1 , 340.0
231.01 , 340.0
230.92 , 340.0
230.83 , 340.0
230.74 , 340.0
230.65 , 340.0
230.56 , 340.0
230.47 , 340.0
230.38 , 340.0
230.29 , 340.0
230.2 , 340.0
230.11 , 340.0
230.02 , 340.0
229.93 , 340.0
229.84 , 340.0
229.75 , 340.0
229.66 , 340.0
229.57 , 340.0
229.48 , 340.0
229.39 , 340.0
229.3 , 340.0
229.21 , 340.0
229.12 , 340.0
229.03 , 340.0
228.94 , 340.0
228.85 , 340.0
228.76 , 340.0
228.67 , 340.0
228.58 , 340.0
228.49 , 340.0
228.4 , 340.0
228.31 , 340.0
228.22 , 340.0
228.13 , 340.0
228.04 , 340.0
227.95 , 340.0
227.86 , 340.0
227.77 , 340.0
227.68 , 340.0
227.59 , 340.0
227.5 , 340.0
227.41 , 340.0
227.32 , 340.0
227.23 , 340.0
227.14 , 340.0
227.05 , 340.0
226.96 , 340.0
226.87 , 340.0
226.78 , 340.0
226.69 , 340.0
226.6 , 340.0
226.51 , 340.0
226.42 , 340.0
226.33 , 340.0
226.24 , 340.0
226.15 , 340.0
226.06 , 340.0
225.97 , 340.0
225.88 , 340.0
225.79 , 340.0
225.7 , 340.0
225.61 , 340.0
225.52 , 340.0
225.43 , 340.0
225.34 , 340.0
225.25 , 340.0
225.16 , 340.0
225.07 , 340.0
224.98 , 340.0
224.89 , 340.0
224.8 , 340.0
224.71 , 340.0
224.62 , 340.0
224.53 , 340.0
224.44 , 340.0
224.35 , 340.0
224.26 , 340.0
224.17 , 340.0
224.08 , 340.0
223.99 , 340.0
223.9 , 340.0
223.81 , 340.0
223.72 , 340.0
223.63 , 340.0
223.54 , 340.0
223.45 , 340.0
223.36 , 340.0
223.27 , 340.0
223.18 , 340.0
223.09 , 340.0
222.0 , 340.0
221.91 , 340.0
221.82 , 339.99
221.73 , 339.97
221.64 , 339.95
221.55 , 339.93
221.46 , 339.9
221.37 , 339.87
221.28 , 339.84
221.19 , 339.8
221.1 , 339.77
221.01 , 339.73
220.92 , 339.69
220.83 , 339.65
220.74 , 339.6
220.65 , 339.56
220.56 , 339.51
220.47 , 339.47
220.38 , 339.42
220.29 , 339.38
220.2 , 339.33
220.11 , 339.28
220.02 , 339.23
219.93 , 339.18
219.84 , 339.13
219.75 , 339.07
219.66 , 339.02
219.57 , 338.97
219.48 , 338.91
219.39 , 338.85
219.3 , 338.8
219.21 , 338.74
219.12 , 338.68
219.03 , 338.62
218.94 , 338.56
218.85 , 338.49
218.76 , 338.43
218.67 , 338.36
218.58 , 338.3
218.49 , 338.23
218.4 , 338.16
218.31 , 338.09
218.22 , 338.02
218.13 , 337.94
218.04 , 337.87
217.95 , 337.8
217.86 , 337.72
217.77 , 337.64
217.68 , 337.57
217.59 , 337.49
217.5 , 337.41
217.41 , 337.33
217.32 , 337.25
217.23 , 337.17
217.14 , 337.08
217.05 , 337.0
216.96 , 336.92
216.87 , 336.83
216.78 , 336.75
216.69 , 336.66
216.6 , 336.57
216.51 , 336.49
216.42 , 336.4
216.33 , 336.31
216.24 , 336.23
216.15 , 336.14
216.06 , 336.05
215.97 , 335.96
215.88 , 335.87
215.79 , 335.78
215.7 , 335.7
215.61 , 335.61
215.52 , 335.52
215.43 , 335.43
215.34 , 335.34
215.25 , 335.25
215.16 , 335.16
215.07 , 335.07
214.98 , 334.98
214.89 , 334.89
214.8 , 334.8
214.71 , 334.71
214.62 , 334.62
214.53 , 334.53
214.44 , 334.44
214.35 , 334.35
214.26 , 334.26
214.17 , 334.17
214.08 , 334.08
213.99 , 333.99
213.9 , 333.9
213.81 , 333.81
213.72 , 333.72
213.63 , 333.63
213.54 , 333.54
213.45 , 333.45
213.36 , 333.36
213.27 , 333.27
213.18 , 333.18
213.09 , 333.09
212.0 , 332.0
212.0 , 331.91
212.0 , 331.82
212.0 , 331.73
212.0 , 331.64
212.0 , 331.55
212.0 , 331.46
212.0 , 331.37
212.0 , 331.28
212.0 , 331.19
212.0 , 331.1
212.0 , 331.01
212.0 , 330.92
212.0 , 330.83
212.0 , 330.74
212.0 , 330.65
212.0 , 330.56
212.0 , 330.47
212.0 , 330.38
212.0 , 330.29
212.0 , 330.2
212.0 , 330.11
212.0 , 330.02
212.0 , 329.93
212.0 , 329.84
212.0 , 329.75
212.0 , 329.66
212.0 , 329.57
212.0 , 329.48
212.0 , 329.39
212.0 , 329.3
212.0 , 329.21
212.0 , 329.12
212.0 , 329.03
212.0 , 328.94
212.0 , 328.85
212.0 , 328.76
212.0 , 328.67
212.0 , 328.58
212.0 , 328.49
212.0 , 328.4
212.0 , 328.31
212.0 , 328.22
212.0 , 328.13
212.0 , 328.04
212.0 , 327.95
212.0 , 327.86
212.0 , 327.77
212.0 , 327.68
212.0 , 327.59
212.0 , 327.5
212.0 , 327.41
212.0 , 327.32
212.0 , 327.23
212.0 , 327.14
212.0 , 327.05
212.0 , 326.96
212.0 , 326.87
212.0 , 326.78
212.0 , 326.69
212.0 , 326.6
212.0 , 326.51
212.0 , 326.42
212.0 , 326.33
212.0 , 326.24
212.0 , 326.15
212.0 , 326.06
212.0 , 325.97
212.0 , 325.88
212.0 , 325.79
212.0 , 325.7
212.0 , 325.61
212.0 , 325.52
212.0 , 325.43
212.0 , 325.34
212.0 , 325.25
212.0 , 325.16
212.0 , 325.07
212.0 , 324.98
212.0 , 324.89
212.0 , 324.8
212.0 , 324.71
212.0 , 324.62
212.0 , 324.53
212.0 , 324.44
212.0 , 324.35
212.0 , 324.26
212.0 , 324.17
212.0 , 324.08
212.0 , 323.99
212.0 , 323.9
212.0 , 323.81
212.0 , 323.72
212.0 , 323.63
212.0 , 323.54
212.0 , 323.45
212.0 , 323.36
212.0 , 323.27
212.0 , 323.18
212.0 , 323.09
212.0 , 322.0
212.0 , 321.91
212.0 , 321.82
212.0 , 321.73
212.0 , 321.64
212.0 , 321.55
212.0 , 321.46
212.0 , 321.37
212.0 , 321.28
212.0 , 321.19
212.0 , 321.1
212.0 , 321.01
212.0 , 320.92
212.0 , 320.83
212.0 , 320.74
212.0 , 320.65
212.0 , 320.56
212.0 , 320.47
212.0 , 320.38
212.0 , 320.29
212.0 , 320.2
212.0 , 320.11
212.0 , 320.02
212.0 , 319.93
212.0 , 319.84
212.0 , 319.75
212.0 , 319.66
212.0 , 319.57
212.0 , 319.48
212.0 , 319.39
212.0 , 319.3
212.0 , 319.21
212.0 , 319.12
212.0 , 319.03
212.0 , 318.94
212.0 , 318.85
212.0 , 318.76
212.0 , 318.67
212.0 , 318.58
212.0 , 318.49
212.0 , 318.4
212.0 , 318.31
211.99 , 318.22
211.99 , 318.13
211.99 , 318.04
211.99 , 317.95
211.99 , 317.86
211.99 , 317.77
211.99 , 317.68
211.98 , 317.59
211.98 , 317.5
211.98 , 317.41
211.97 , 317.32
211.97 , 317.23
211.97 , 317.14
211.96 , 317.05
211.96 , 316.96
211.95 , 316.87
211.94 , 316.78
211.94 , 316.69
211.93 , 316.6
211.92 , 316.51
211.91 , 316.42
211.9 , 316.33
211.89 , 316.24
211.88 , 316.15
211.87 , 316.06
211.85 , 315.97
211.84 , 315.88
211.82 , 315.79
211.8 , 315.7
211.79 , 315.61
211.77 , 315.52
211.75 , 315.43
211.72 , 315.34
211.7 , 315.25
211.67 , 315.16
211.65 , 315.07
211.62 , 314.98
211.59 , 314.89
211.56 , 314.8
211.53 , 314.71
211.5 , 314.62
211.47 , 314.53
211.43 , 314.44
211.4 , 314.35
211.37 , 314.26
211.33 , 314.17
211.3 , 314.08
211.26 , 313.99
211.23 , 313.9
211.19 , 313.81
211.16 , 313.72
211.13 , 313.63
211.1 , 313.54
211.07 , 313.45
211.05 , 313.36
211.03 , 313.27
211.01 , 313.18
211.0 , 313.09
211.0 , 312.0
211.0 , 311.91
211.0 , 311.82
211.0 , 311.73
211.0 , 311.64
211.0 , 311.55
211.0 , 311.46
211.0 , 311.37
211.0 , 311.28
211.0 , 311.19
211.0 , 311.1
211.0 , 311.01
211.0 , 310.92
211.0 , 310.83
211.0 , 310.74
211.0 , 310.65
211.0 , 310.56
211.0 , 310.47
211.0 , 310.38
211.0 , 310.29
211.0 , 310.2
211.0 , 310.11
211.0 , 310.02
211.0 , 309.93
211.0 , 309.84
211.0 , 309.75
211.0 , 309.66
211.0 , 309.57
211.0 , 309.48
211.0 , 309.39
211.0 , 309.3
211.0 , 309.21
211.0 , 309.12
211.0 , 309.03
211.0 , 308.94
211.0 , 308.85
211.0 , 308.76
211.0 , 308.67
211.0 , 308.58
211.0 , 308.49
211.0 , 308.4
211.0 , 308.31
211.0 , 308.22
211.0 , 308.13
211.0 , 308.04
211.0 , 307.95
211.0 , 307.86
211.0 , 307.77
211.0 , 307.68
211.0 , 307.59
211.0 , 307.5
211.0 , 307.41
211.0 , 307.32
211.0 , 307.23
211.0 , 307.14
211.0 , 307.05
211.0 , 306.96
211.0 , 306.87
211.0 , 306.78
211.0 , 306.69
211.0 , 306.6
211.0 , 306.51
211.0 , 306.42
211.0 , 306.33
211.0 , 306.24
211.0 , 306.15
211.0 , 306.06
211.0 , 305.97
211.0 , 305.88
211.0 , 305.79
211.0 , 305.7
211.0 , 305.61
211.0 , 305.52
211.0 , 305.43
211.0 , 305.34
211.0 , 305.25
211.0 , 305.16
211.0 , 305.07
211.0 , 304.98
211.0 , 304.89
211.0 , 304.8
211.0 , 304.71
211.0 , 304.62
211.0 , 304.53
211.0 , 304.44
211.0 , 304.35
211.0 , 304.26
211.0 , 304.17
211.0 , 304.08
211.0 , 303.99
211.0 , 303.9
211.0 , 303.81
211.0 , 303.72
211.0 , 303.63
211.0 , 303.54
211.0 , 303.45
211.0 , 303.36
211.0 , 303.27
211.0 , 303.18
211.0 , 303.09
211.0 , 302.0
211.0 , 301.91
211.0 , 301.82
211.0 , 301.73
211.0 , 301.64
211.0 , 301.55
211.0 , 301.46
211.0 , 301.37
211.0 , 301.28
211.0 , 301.19
211.0 , 301.1
211.0 , 301.01
211.0 , 300.92
211.0 , 300.83
211.0 , 300.74
211.0 , 300.65
211.0 , 300.56
211.0 , 300.47
211.0 , 300.38
211.0 , 300.29
211.0 , 300.2
211.0 , 300.11
211.0 , 300.02
211.0 , 299.93
211.0 , 299.84
211.0 , 299.75
211.0 , 299.66
211.0 , 299.57
211.0 , 299.48
211.0 , 299.39
211.0 , 299.3
211.0 , 299.21
211.0 , 299.12
211.0 , 299.03
211.0 , 298.94
211.0 , 298.85
211.0 , 298.76
211.0 , 298.67
211.0 , 298.58
211.0 , 298.49
211.0 , 298.4
211.0 , 298.31
211.0 , 298.22
211.0 , 298.13
211.0 , 298.04
211.0 , 297.95
211.0 , 297.86
211.0 , 297.77
211.0 , 297.68
211.0 , 297.59
211.0 , 297.5
211.0 , 297.41
211.0 , 297.32
211.0 , 297.23
211.0 , 297.14
211.0 , 297.05
211.0 , 296.96
211.0 , 296.87
211.0 , 296.78
211.0 , 296.69
211.0 , 296.6
211.0 , 296.51
211.0 , 296.42
211.0 , 296.33
211.0 , 296.24
211.0 , 296.15
211.0 , 296.06
211.0 , 295.97
211.0 , 295.88
211.0 , 295.79
211.0 , 295.7
211.0 , 295.61
211.0 , 295.52
211.0 , 295.43
211.0 , 295.34
211.0 , 295.25
211.0 , 295.16
211.0 , 295.07
211.0 , 294.98
211.0 , 294.89
211.0 , 294.8
211.0 , 294.71
211.0 , 294.62
211.0 , 294.53
211.0 , 294.44
211.0 , 294.35
211.0 , 294.26
211.0 , 294.17
211.0 , 294.08
211.0 , 293.99
211.0 , 293.9
211.0 , 293.81
211.0 , 293.72
211.0 , 293.63
211.0 , 293.54
211.0 , 293.45
211.0 , 293.36
211.0 , 293.27
211.0 , 293.18
211.0 , 293.09
211.0 , 292.0
211.0 , 291.91
211.0 , 291.82
211.0 , 291.73
211.0 , 291.64
211.0 , 291.55
211.0 , 291.46
211.0 , 291.37
211.0 , 291.28
211.0 , 291.19
211.0 , 291.1
211.0 , 291.01
211.0 , 290.92
211.0 , 290.83
211.0 , 290.74
211.0 , 290.65
211.0 , 290.56
211.0 , 290.47
211.0 , 290.38
211.0 , 290.29
211.0 , 290.2
211.0 , 290.11
211.0 , 290.02
211.0 , 289.93
211.0 , 289.84
211.0 , 289.75
211.0 , 289.66
211.0 , 289.57
211.0 , 289.48
211.0 , 289.39
211.0 , 289.3
211.0 , 289.21
211.0 , 289.12
211.0 , 289.03
211.0 , 288.94
211.0 , 288.85
211.0 , 288.76
211.0 , 288.67
211.0 , 288.58
211.0 , 288.49
211.0 , 288.4
211.0 , 288.31
211.0 , 288.22
211.0 , 288.13
211.0 , 288.04
211.0 , 287.95
211.0 , 287.86
211.0 , 287.77
211.0 , 287.68
211.0 , 287.59
211.0 , 287.5
211.0 , 287.41
211.0 , 287.32
211.0 , 287.23
211.0 , 287.14
211.0 , 287.05
211.0 , 286.96
211.0 , 286.87
211.0 , 286.78
211.0 , 286.69
211.0 , 286.6
211.0 , 286.51
211.0 , 286.42
211.0 , 286.33
211.0 , 286.24
211.0 , 286.15
211.0 , 286.06
211.0 , 285.97
211.0 , 285.88
211.0 , 285.79
211.0 , 285.7
211.0 , 285.61
211.0 , 285.52
211.0 , 285.43
211.0 , 285.34
211.0 , 285.25
211.0 , 285.16
211.0 , 285.07
211.0 , 284.98
211.0 , 284.89
211.0 , 284.8
211.0 , 284.71
211.0 , 284.62
211.0 , 284.53
211.0 , 284.44
211.0 , 284.35
211.0 , 284.26
211.0 , 284.17
211.0 , 284.08
211.0 , 283.99
211.0 , 283.9
211.0 , 283.81
211.0 , 283.72
211.0 , 283.63
211.0 , 283.54
211.0 , 283.45
211.0 , 283.36
211.0 , 283.27
211.0 , 283.18
211.0 , 283.09
211.0 , 282.0
211.0 , 281.91
211.0 , 281.82
211.0 , 281.73
211.0 , 281.64
211.0 , 281.55
211.0 , 281.46
211.0 , 281.37
211.0 , 281.28
211.0 , 281.19
211.0 , 281.1
211.0 , 281.01
211.0 , 280.92
211.0 , 280.83
211.0 , 280.74
211.0 , 280.65
211.0 , 280.56
211.0 , 280.47
211.0 , 280.38
211.0 , 280.29
211.0 , 280.2
211.0 , 280.11
211.0 , 280.02
211.0 , 279.93
211.0 , 279.84
211.0 , 279.75
211.0 , 279.66
211.0 , 279.57
211.0 , 279.48
211.0 , 279.39
211.0 , 279.3
211.0 , 279.21
211.0 , 279.12
211.0 , 279.03
211.0 , 278.94
211.0 , 278.85
211.0 , 278.76
211.0 , 278.67
211.0 , 278.58
211.0 , 278.49
211.0 , 278.4
211.0 , 278.31
211.0 , 278.22
211.0 , 278.13
211.0 , 278.04
211.0 , 277.95
211.0 , 277.86
211.0 , 277.77
211.0 , 277.68
211.0 , 277.59
211.0 , 277.5
211.0 , 277.41
211.0 , 277.32
211.0 , 277.23
211.0 , 277.14
211.0 , 277.05
211.0 , 276.96
211.0 , 276.87
211.0 , 276.78
211.0 , 276.69
211.0 , 276.6
211.0 , 276.51
211.0 , 276.42
211.0 , 276.33
211.0 , 276.24
211.0 , 276.15
211.0 , 276.06
211.0 , 275.97
211.0 , 275.88
211.0 , 275.79
211.0 , 275.7
211.0 , 275.61
211.0 , 275.52
211.0 , 275.43
211.0 , 275.34
211.0 , 275.25
211.0 , 275.16
211.0 , 275.07
211.0 , 274.98
211.0 , 274.89
211.0 , 274.8
211.0 , 274.71
211.0 , 274.62
211.0 , 274.53
211.0 , 274.44
211.0 , 274.35
211.0 , 274.26
211.0 , 274.17
211.0 , 274.08
211.0 , 273.99
211.0 , 273.9
211.0 , 273.81
211.0 , 273.72
211.0 , 273.63
211.0 , 273.54
211.0 , 273.45
211.0 , 273.36
211.0 , 273.27
211.0 , 273.18
211.0 , 273.09
211.0 , 272.0
211.0 , 271.91
211.0 , 271.82
211.0 , 271.73
211.0 , 271.64
211.0 , 271.55
211.0 , 271.46
211.0 , 271.37
211.0 , 271.28
210.99 , 271.19
210.99 , 271.1
210.99 , 271.01
210.98 , 270.92
210.98 , 270.83
210.97 , 270.74
210.96 , 270.65
210.95 , 270.56
210.94 , 270.47
210.92 , 270.38
210.91 , 270.29
210.89 , 270.2
210.87 , 270.11
210.85 , 270.02
210.83 , 269.93
210.8 , 269.84
210.77 , 269.75
210.74 , 269.66
210.71 , 269.57
210.68 , 269.48
210.64 , 269.39
210.6 , 269.3
210.56 , 269.21
210.52 , 269.12
210.47 , 269.03
210.42 , 268.94
210.37 , 268.85
210.32 , 268.76
210.26 , 268.67
210.21 , 268.58
210.15 , 268.49
210.09 , 268.4
210.03 , 268.31
209.96 , 268.22
209.89 , 268.13
209.83 , 268.04
209.76 , 267.95
209.69 , 267.86
209.61 , 267.77
209.54 , 267.68
209.47 , 267.59
209.39 , 267.5
209.31 , 267.41
209.23 , 267.32
209.15 , 267.23
209.07 , 267.14
208.99 , 267.05
208.91 , 266.96
208.82 , 266.87
208.74 , 266.78
208.66 , 266.69
208.57 , 266.6
208.49 , 266.51
208.4 , 266.42
208.31 , 266.33
208.22 , 266.24
208.14 , 266.15
208.05 , 266.06
207.96 , 265.97
207.87 , 265.88
207.78 , 265.79
207.7 , 265.7
207.61 , 265.61
207.52 , 265.52
207.43 , 265.43
207.34 , 265.34
207.25 , 265.25
207.16 , 265.16
207.07 , 265.07
206.98 , 264.98
206.89 , 264.89
206.8 , 264.8
206.71 , 264.71
206.62 , 264.62
206.53 , 264.53
206.44 , 264.44
206.35 , 264.35
206.26 , 264.26
206.17 , 264.17
206.08 , 264.08
205.99 , 263.99
205.9 , 263.9
205.81 , 263.81
205.72 , 263.72
205.63 , 263.63
205.54 , 263.54
205.45 , 263.45
205.36 , 263.36
205.27 , 263.27
205.18 , 263.18
205.09 , 263.09
204.0 , 262.0
203.91 , 261.91
203.82 , 261.83
203.73 , 261.76
203.64 , 261.69
203.55 , 261.63
203.46 , 261.57
203.37 , 261.52
203.28 , 261.47
203.19 , 261.43
203.1 , 261.39
203.01 , 261.35
202.92 , 261.31
202.83 , 261.28
202.74 , 261.25
202.65 , 261.23
202.56 , 261.2
202.47 , 261.18
202.38 , 261.16
202.29 , 261.13
202.2 , 261.11
202.11 , 261.1
202.02 , 261.08
201.93 , 261.06
201.84 , 261.04
201.75 , 261.03
201.66 , 261.01
201.57 , 260.99
201.48 , 260.98
201.39 , 260.96
201.3 , 260.94
201.21 , 260.92
201.12 , 260.91
201.03 , 260.89
200.94 , 260.87
200.85 , 260.85
200.76 , 260.83
200.67 , 260.81
200.58 , 260.79
200.49 , 260.77
200.4 , 260.74
200.31 , 260.72
200.22 , 260.7
200.13 , 260.67
200.04 , 260.65
199.95 , 260.63
199.86 , 260.6
199.77 , 260.58
199.68 , 260.55
199.59 , 260.53
199.5 , 260.5
199.41 , 260.47
199.32 , 260.45
199.23 , 260.42
199.14 , 260.4
199.05 , 260.37
198.96 , 260.35
198.87 , 260.33
198.78 , 260.3
198.69 , 260.28
198.6 , 260.26
198.51 , 260.23
198.42 , 260.21
198.33 , 260.19
198.24 , 260.17
198.15 , 260.15
198.06 , 260.13
197.97 , 260.11
197.88 , 260.09
197.79 , 260.08
197.7 , 260.06
197.61 , 260.04
197.52 , 260.02
197.43 , 260.01
197.34 , 259.99
197.25 , 259.97
197.16 , 259.96
197.07 , 259.94
196.98 , 259.92
196.89 , 259.9
196.8 , 259.89
196.71 , 259.87
196.62 , 259.84
196.53 , 259.82
196.44 , 259.8
196.35 , 259.77
196.26 , 259.75
196.17 , 259.72
196.08 , 259.69
195.99 , 259.65
195.9 , 259.61
195.81 , 259.57
195.72 , 259.53
195.63 , 259.48
195.54 , 259.43
195.45 , 259.37
195.36 , 259.31
195.27 , 259.24
195.18 , 259.17
195.09 , 259.09
194.0 , 259.0
193.91 , 258.91
193.82 , 258.83
193.73 , 258.76
193.64 , 258.69
193.55 , 258.63
193.46 , 258.57
193.37 , 258.52
193.28 , 258.47
193.19 , 258.43
193.1 , 258.39
193.01 , 258.35
192.92 , 258.32
192.83 , 258.29
192.74 , 258.26
192.65 , 258.23
192.56 , 258.21
192.47 , 258.19
192.38 , 258.17
192.29 , 258.15
192.2 , 258.13
192.11 , 258.12
192.02 , 258.1
191.93 , 258.09
191.84 , 258.08
191.75 , 258.07
191.66 , 258.05
191.57 , 258.04
191.48 , 258.03
191.39 , 258.02
191.3 , 258.02
191.21 , 258.01
191.12 , 258.0
191.03 , 257.99
190.94 , 257.98
190.85 , 257.97
190.76 , 257.96
190.67 , 257.95
190.58 , 257.93
190.49 , 257.92
190.4 , 257.91
190.31 , 257.9
190.22 , 257.88
190.13 , 257.87
190.04 , 257.85
189.95 , 257.84
189.86 , 257.82
189.77 , 257.8
189.68 , 257.79
189.59 , 257.77
189.5 , 257.75
189.41 , 257.73
189.32 , 257.71
189.23 , 257.68
189.14 , 257.66
189.05 , 257.64
188.96 , 257.62
188.87 , 257.59
188.78 , 257.57
188.69 , 257.54
188.6 , 257.52
188.51 , 257.49
188.42 , 257.47
188.33 , 257.44
188.24 , 257.42
188.15 , 257.39
188.06 , 257.37
187.97 , 257.34
187.88 , 257.32
187.79 , 257.29
187.7 , 257.27
187.61 , 257.25
187.52 , 257.23
187.43 , 257.21
187.34 , 257.18
187.25 , 257.17
187.16 , 257.15
187.07 , 257.13
186.98 , 257.11
186.89 , 257.1
186.8 , 257.09
186.71 , 257.07
186.62 , 257.06
186.53 , 257.05
186.44 , 257.04
186.35 , 257.03
186.26 , 257.03
186.17 , 257.02
186.08 , 257.02
185.99 , 257.01
185.9 , 257.01
185.81 , 257.01
185.72 , 257.0
185.63 , 257.0
185.54 , 257.0
185.45 , 257.0
185.36 , 257.0
185.27 , 257.0
185.18 , 257.0
185.09 , 257.0
184.0 , 257.0
183.91 , 257.0
183.82 , 256.99
183.73 , 256.97
183.64 , 256.95
183.55 , 256.93
183.46 , 256.9
183.37 , 256.87
183.28 , 256.84
183.19 , 256.81
183.1 , 256.77
183.01 , 256.74
182.92 , 256.7
182.83 , 256.67
182.74 , 256.63
182.65 , 256.6
182.56 , 256.57
182.47 , 256.53
182.38 , 256.5
182.29 , 256.47
182.2 , 256.44
182.11 , 256.41
182.02 , 256.38
181.93 , 256.35
181.84 , 256.32
181.75 , 256.3
181.66 , 256.28
181.57 , 256.25
181.48 , 256.23
181.39 , 256.21
181.3 , 256.2
181.21 , 256.18
181.12 , 256.16
181.03 , 256.15
180.94 , 256.13
180.85 , 256.12
180.76 , 256.11
180.67 , 256.1
180.58 , 256.09
180.49 , 256.08
180.4 , 256.07
180.31 , 256.06
180.22 , 256.05
180.13 , 256.04
180.04 , 256.04
179.95 , 256.03
179.86 , 256.02
179.77 , 256.02
179.68 , 256.01
179.59 , 256.01
179.5 , 256.0
179.41 , 255.99
179.32 , 255.99
179.23 , 255.98
179.14 , 255.98
179.05 , 255.97
178.96 , 255.96
178.87 , 255.96
178.78 , 255.95
178.69 , 255.94
178.6 , 255.93
178.51 , 255.92
178.42 , 255.91
178.33 , 255.9
178.24 , 255.89
178.15 , 255.88
178.06 , 255.87
177.97 , 255.85
177.88 , 255.84
177.79 , 255.82
177.7 , 255.8
177.61 , 255.79
177.52 , 255.77
177.43 , 255.75
177.34 , 255.72
177.25 , 255.7
177.16 , 255.68
177.07 , 255.65
176.98 , 255.62
176.89 , 255.59
176.8 , 255.56
176.71 , 255.53
176.62 , 255.5
176.53 , 255.47
176.44 , 255.43
176.35 , 255.4
176.26 , 255.37
176.17 , 255.33
176.08 , 255.3
175.99 , 255.26
175.9 , 255.23
175.81 , 255.19
175.72 , 255.16
175.63 , 255.13
175.54 , 255.1
175.45 , 255.07
175.36 , 255.05
175.27 , 255.03
175.18 , 255.01
175.09 , 255.0
174.0 , 255.0
173.91 , 255.0
173.82 , 255.0
173.73 , 255.0
173.64 , 255.0
173.55 , 255.0
173.46 , 255.0
173.37 , 255.0
173.28 , 255.0
173.19 , 254.99
173.1 , 254.99
173.01 , 254.99
172.92 , 254.98
172.83 , 254.98
172.74 , 254.97
172.65 , 254.97
172.56 , 254.96
172.47 , 254.95
172.38 , 254.94
172.29 , 254.93
172.2 , 254.91
172.11 , 254.9
172.02 , 254.89
171.93 , 254.87
171.84 , 254.85
171.75 , 254.83
171.66 , 254.82
171.57 , 254.79
171.48 , 254.77
171.39 , 254.75
171.3 , 254.73
171.21 , 254.71
171.12 , 254.68
171.03 , 254.66
170.94 , 254.63
170.85 , 254.61
170.76 , 254.58
170.67 , 254.56
170.58 , 254.53
170.49 , 254.51
170.4 , 254.48
170.31 , 254.46
170.22 , 254.43
170.13 , 254.41
170.04 , 254.38
169.95 , 254.36
169.86 , 254.34
169.77 , 254.32
169.68 , 254.29
169.59 , 254.27
169.5 , 254.25
169.41 , 254.23
169.32 , 254.21
169.23 , 254.2
169.14 , 254.18
169.05 , 254.16
168.96 , 254.15
168.87 , 254.13
168.78 , 254.12
168.69 , 254.1
168.6 , 254.09
168.51 , 254.08
168.42 , 254.07
168.33 , 254.05
168.24 , 254.04
168.15 , 254.03
168.06 , 254.02
167.97 , 254.01
167.88 , 254.0
167.79 , 253.99
167.7 , 253.98
167.61 , 253.98
167.52 , 253.97
167.43 , 253.96
167.34 , 253.95
167.25 , 253.93
167.16 , 253.92
167.07 , 253.91
166.98 , 253.9
166.89 , 253.88
166.8 , 253.87
166.71 , 253.85
166.62 , 253.83
166.53 , 253.81
166.44 , 253.79
166.35 , 253.77
166.26 , 253.74
166.17 , 253.71
166.08 , 253.68
165.99 , 253.65
165.9 , 253.61
165.81 , 253.57
165.72 , 253.53
165.63 , 253.48
165.54 , 253.43
165.45 , 253.37
165.36 , 253.31
165.27 , 253.24
165.18 , 253.17
165.09 , 253.09
164.0 , 253.0
163.91 , 253.0
163.82 , 252.99
163.73 , 252.97
163.64 , 252.95
163.55 , 252.92
163.46 , 252.89
163.37 , 252.85
163.28 , 252.81
163.19 , 252.76
163.1 , 252.71
163.01 , 252.66
162.92 , 252.6
162.83 , 252.54
162.74 , 252.48
162.65 , 252.42
162.56 , 252.35
162.47 , 252.28
162.38 , 252.21
162.29 , 252.14
162.2 , 252.07
162.11 , 251.99
162.02 , 251.91
161.93 , 251.83
161.84 , 251.76
161.75 , 251.67
161.66 , 251.59
161.57 , 251.51
161.48 , 251.43
161.39 , 251.34
161.3 , 251.26
161.21 , 251.17
161.12 , 251.09
161.03 , 251.0
160.94 , 250.92
160.85 , 250.83
160.76 , 250.74
160.67 , 250.65
160.58 , 250.57
160.49 , 250.48
160.4 , 250.39
160.31 , 250.3
160.23 , 250.21
160.14 , 250.12
160.05 , 250.03
159.96 , 249.95
159.87 , 249.86
159.78 , 249.77
159.7 , 249.68
159.61 , 249.59
159.52 , 249.5
159.43 , 249.41
159.35 , 249.32
159.26 , 249.23
159.18 , 249.14
159.09 , 249.05
159.01 , 248.96
158.93 , 248.87
158.84 , 248.78
158.76 , 248.69
158.68 , 248.6
158.6 , 248.51
158.52 , 248.42
158.44 , 248.33
158.37 , 248.24
158.29 , 248.15
158.22 , 248.06
158.15 , 247.97
158.07 , 247.88
158.0 , 247.79
157.94 , 247.7
157.87 , 247.61
157.81 , 247.52
157.74 , 247.43
157.68 , 247.34
157.63 , 247.25
157.57 , 247.16
157.52 , 247.07
157.47 , 246.98
157.42 , 246.89
157.37 , 246.8
157.33 , 246.71
157.29 , 246.62
157.25 , 246.53
157.21 , 246.44
157.18 , 246.35
157.15 , 246.26
157.13 , 246.17
157.1 , 246.08
157.08 , 245.99
157.06 , 245.9
157.05 , 245.81
157.03 , 245.72
157.02 , 245.63
157.02 , 245.54
157.01 , 245.45
157.0 , 245.36
157.0 , 245.27
157.0 , 245.18
157.0 , 245.09
157.0 , 244.0
157.0 , 243.91
157.0 , 243.82
157.0 , 243.73
157.0 , 243.64
157.0 , 243.55
157.0 , 243.46
157.0 , 243.37
157.0 , 243.28
157.0 , 243.19
157.0 , 243.1
157.0 , 243.01
157.0 , 242.92
157.0 , 242.83
157.0 , 242.74
157.0 , 242.65
157.0 , 242.56
157.0 , 242.47
157.0 , 242.38
157.0 , 242.29
157.0 , 242.2
157.0 , 242.11
157.0 , 242.02
157.0 , 241.93
157.0 , 241.84
157.0 , 241.75
157.0 , 241.66
157.0 , 241.57
157.0 , 241.48
157.0 , 241.39
157.0 , 241.3
157.0 , 241.21
157.0 , 241.12
157.0 , 241.03
157.0 , 240.94
157.0 , 240.85
157.0 , 240.76
157.0 , 240.67
157.0 , 240.58
157.0 , 240.49
157.0 , 240.4
157.0 , 240.31
157.0 , 240.22
157.0 , 240.13
157.0 , 240.04
157.0 , 239.95
157.0 , 239.86
157.0 , 239.77
157.0 , 239.68
157.0 , 239.59
157.0 , 239.5
157.0 , 239.41
157.0 , 239.32
157.0 , 239.23
157.0 , 239.14
157.0 , 239.05
157.0 , 238.96
157.0 , 238.87
157.0 , 238.78
157.0 , 238.69
157.0 , 238.6
157.0 , 238.51
157.0 , 238.42
157.0 , 238.33
157.0 , 238.24
157.0 , 238.15
157.0 , 238.06
157.0 , 237.97
157.0 , 237.88
157.0 , 237.79
157.0 , 237.7
157.0 , 237.61
157.0 , 237.52
157.0 , 237.43
157.0 , 237.34
157.0 , 237.25
157.0 , 237.16
157.0 , 237.07
157.0 , 236.98
157.0 , 236.89
157.0 , 236.8
157.0 , 236.71
157.0 , 236.62
157.0 , 236.53
157.0 , 236.44
157.0 , 236.35
157.0 , 236.26
157.0 , 236.17
157.0 , 236.08
157.0 , 235.99
157.0 , 235.9
157.0 , 235.81
157.0 , 235.72
157.0 , 235.63
157.0 , 235.54
157.0 , 235.45
157.0 , 235.36
157.0 , 235.27
157.0 , 235.18
157.0 , 235.09
157.0 , 234.0
157.0 , 233.91
157.0 , 233.82
157.0 , 233.73
157.0 , 233.64
157.0 , 233.55
157.0 , 233.46
157.0 , 233.37
157.0 , 233.28
157.0 , 233.19
157.0 , 233.1
157.0 , 233.01
157.0 , 232.92
157.0 , 232.83
157.0 , 232.74
157.0 , 232.65
157.0 , 232.56
157.0 , 232.47
157.0 , 232.38
157.0 , 232.29
157.0 , 232.2
157.0 , 232.11
157.0 , 232.02
157.0 , 231.93
157.0 , 231.84
157.0 , 231.75
157.0 , 231.66
157.0 , 231.57
157.0 , 231.48
157.0 , 231.39
157.0 , 231.3
157.0 , 231.21
157.0 , 231.12
157.0 , 231.03
157.0 , 230.94
157.0 , 230.85
157.0 , 230.76
157.0 , 230.67
157.0 , 230.58
157.0 , 230.49
157.0 , 230.4
157.0 , 230.31
157.0 , 230.22
157.0 , 230.13
157.0 , 230.04
157.0 , 229.95
157.0 , 229.86
157.0 , 229.77
157.0 , 229.68
157.0 , 229.59
157.0 , 229.5
157.0 , 229.41
157.0 , 229.32
157.0 , 229.23
157.0 , 229.14
157.0 , 229.05
157.0 , 228.96
157.0 , 228.87
157.0 , 228.78
157.0 , 228.69
157.0 , 228.6
157.0 , 228.51
157.0 , 228.42
157.0 , 228.33
157.0 , 228.24
157.0 , 228.15
157.0 , 228.06
157.0 , 227.97
157.0 , 227.88
157.0 , 227.79
157.0 , 227.7
157.0 , 227.61
157.0 , 227.52
157.0 , 227.43
157.0 , 227.34
157.0 , 227.25
157.0 , 227.16
157.0 , 227.07
157.0 , 226.98
157.0 , 226.89
157.0 , 226.8
157.0 , 226.71
157.0 , 226.62
157.0 , 226.53
157.0 , 226.44
157.0 , 226.35
157.0 , 226.26
157.0 , 226.17
157.0 , 226.08
157.0 , 225.99
157.0 , 225.9
157.0 , 225.81
157.0 , 225.72
157.0 , 225.63
157.0 , 225.54
157.0 , 225.45
157.0 , 225.36
157.0 , 225.27
157.0 , 225.18
157.0 , 225.09
157.0 , 224.0
157.0 , 223.91
157.0 , 223.82
157.0 , 223.73
157.0 , 223.64
157.0 , 223.55
157.0 , 223.46
157.0 , 223.37
157.0 , 223.28
157.0 , 223.19
157.0 , 223.1
157.0 , 223.01
157.0 , 222.92
157.0 , 222.83
157.0 , 222.74
157.0 , 222.65
157.0 , 222.56
157.0 , 222.47
157.0 , 222.38
157.0 , 222.29
157.0 , 222.2
157.0 , 222.11
157.0 , 222.02
157.0 , 221.93
157.0 , 221.84
157.0 , 221.75
157.0 , 221.66
157.0 , 221.57
157.0 , 221.48
157.0 , 221.39
157.0 , 221.3
157.0 , 221.21
157.0 , 221.12
157.0 , 221.03
157.0 , 220.94
157.0 , 220.85
157.0 , 220.76
157.0 , 220.67
157.0 , 220.58
157.0 , 220.49
157.0 , 220.4
157.0 , 220.31
157.0 , 220.22
157.0 , 220.13
157.0 , 220.04
157.0 , 219.95
157.0 , 219.86
157.0 , 219.77
157.0 , 219.68
157.0 , 219.59
157.0 , 219.5
157.0 , 219.41
157.0 , 219.32
157.0 , 219.23
157.0 , 219.14
157.0 , 219.05
157.0 , 218.96
157.0 , 218.87
157.0 , 218.78
157.0 , 218.69
157.0 , 218.6
157.0 , 218.51
157.0 , 218.42
157.0 , 218.33
157.0 , 218.24
157.0 , 218.15
157.0 , 218.06
157.0 , 217.97
157.0 , 217.88
157.0 , 217.79
157.0 , 217.7
157.0 , 217.61
157.0 , 217.52
157.0 , 217.43
157.0 , 217.34
157.0 , 217.25
157.0 , 217.16
157.0 , 217.07
157.0 , 216.98
157.0 , 216.89
157.0 , 216.8
157.0 , 216.71
157.0 , 216.62
157.0 , 216.53
157.0 , 216.44
157.0 , 216.35
157.0 , 216.26
157.0 , 216.17
157.0 , 216.08
157.0 , 215.99
157.0 , 215.9
157.0 , 215.81
157.0 , 215.72
157.0 , 215.63
157.0 , 215.54
157.0 , 215.45
157.0 , 215.36
157.0 , 215.27
157.0 , 215.18
157.0 , 215.09
157.0 , 214.0
157.0 , 213.91
157.0 , 213.82
157.0 , 213.73
157.0 , 213.64
157.0 , 213.55
157.0 , 213.46
157.0 , 213.37
157.0 , 213.28
157.0 , 213.19
157.0 , 213.1
157.0 , 213.01
157.0 , 212.92
157.0 , 212.83
157.0 , 212.74
157.0 , 212.65
157.0 , 212.56
157.0 , 212.47
157.0 , 212.38
157.0 , 212.29
157.0 , 212.2
157.0 , 212.11
157.0 , 212.02
157.0 , 211.93
157.0 , 211.84
157.0 , 211.75
157.0 , 211.66
157.0 , 211.57
157.0 , 211.48
157.0 , 211.39
157.0 , 211.3
157.0 , 211.21
157.0 , 211.12
157.0 , 211.03
157.0 , 210.94
157.0 , 210.85
157.0 , 210.76
157.0 , 210.67
157.0 , 210.58
157.0 , 210.49
157.0 , 210.4
157.0 , 210.31
157.0 , 210.22
157.0 , 210.13
157.0 , 210.04
157.0 , 209.95
157.0 , 209.86
157.0 , 209.77
157.0 , 209.68
157.0 , 209.59
157.0 , 209.5
157.0 , 209.41
157.0 , 209.32
157.0 , 209.23
157.0 , 209.14
157.0 , 209.05
157.0 , 208.96
157.0 , 208.87
157.0 , 208.78
157.0 , 208.69
157.0 , 208.6
157.0 , 208.51
157.0 , 208.42
157.0 , 208.33
157.0 , 208.24
157.0 , 208.15
157.0 , 208.06
157.0 , 207.97
157.0 , 207.88
157.0 , 207.79
157.0 , 207.7
157.0 , 207.61
157.0 , 207.52
157.0 , 207.43
157.0 , 207.34
157.0 , 207.25
157.0 , 207.16
157.0 , 207.07
157.0 , 206.98
157.0 , 206.89
157.0 , 206.8
157.0 , 206.71
157.0 , 206.62
157.0 , 206.53
157.0 , 206.44
157.0 , 206.35
157.0 , 206.26
157.0 , 206.17
157.0 , 206.08
157.0 , 205.99
157.0 , 205.9
157.0 , 205.81
157.0 , 205.72
157.0 , 205.63
157.0 , 205.54
157.0 , 205.45
157.0 , 205.36
157.0 , 205.27
157.0 , 205.18
157.0 , 205.09
157.0 , 204.0
157.0 , 203.91
157.0 , 203.82
157.0 , 203.73
157.0 , 203.64
157.0 , 203.55
157.0 , 203.46
157.0 , 203.37
157.0 , 203.28
157.0 , 203.19
157.0 , 203.1
157.0 , 203.01
157.0 , 202.92
157.0 , 202.83
157.0 , 202.74
157.0 , 202.65
157.0 , 202.56
157.0 , 202.47
157.0 , 202.38
157.0 , 202.29
157.0 , 202.2
157.0 , 202.11
157.0 , 202.02
157.0 , 201.93
157.0 , 201.84
157.0 , 201.75
157.0 , 201.66
157.0 , 201.57
157.0 , 201.48
157.0 , 201.39
157.0 , 201.3
157.0 , 201.21
157.0 , 201.12
157.0 , 201.03
157.0 , 200.94
157.0 , 200.85
157.0 , 200.76
157.0 , 200.67
157.0 , 200.58
157.0 , 200.49
157.0 , 200.4
157.0 , 200.31
157.0 , 200.22
157.0 , 200.13
157.0 , 200.04
157.0 , 199.95
157.0 , 199.86
157.0 , 199.77
157.0 , 199.68
157.0 , 199.59
157.0 , 199.5
157.0 , 199.41
157.0 , 199.32
157.0 , 199.23
157.0 , 199.14
157.0 , 199.05
157.0 , 198.96
157.0 , 198.87
157.0 , 198.78
157.0 , 198.69
157.0 , 198.6
157.0 , 198.51
157.0 , 198.42
157.0 , 198.33
157.0 , 198.24
157.0 , 198.15
157.0 , 198.06
157.0 , 197.97
157.0 , 197.88
157.0 , 197.79
157.0 , 197.7
157.0 , 197.61
157.0 , 197.52
157.0 , 197.43
157.0 , 197.34
157.0 , 197.25
157.0 , 197.16
157.0 , 197.07
157.0 , 196.98
157.0 , 196.89
157.0 , 196.8
157.0 , 196.71
157.0 , 196.62
157.0 , 196.53
157.0 , 196.44
157.0 , 196.35
157.0 , 196.26
157.0 , 196.17
157.0 , 196.08
157.0 , 195.99
157.0 , 195.9
157.0 , 195.81
157.0 , 195.72
157.0 , 195.63
157.0 , 195.54
157.0 , 195.45
157.0 , 195.36
157.0 , 195.27
157.0 , 195.18
157.0 , 195.09
157.0 , 194.0
157.0 , 193.91
157.0 , 193.82
157.0 , 193.73
157.0 , 193.64
157.0 , 193.55
157.0 , 193.46
157.0 , 193.37
157.0 , 193.28
157.0 , 193.19
157.0 , 193.1
157.0 , 193.01
157.0 , 192.92
157.0 , 192.83
157.0 , 192.74
157.0 , 192.65
157.0 , 192.56
157.0 , 192.47
157.0 , 192.38
157.0 , 192.29
157.0 , 192.2
157.0 , 192.11
157.0 , 192.02
157.0 , 191.93
157.0 , 191.84
157.0 , 191.75
157.0 , 191.66
157.0 , 191.57
157.0 , 191.48
157.0 , 191.39
157.0 , 191.3
157.0 , 191.21
157.0 , 191.12
157.0 , 191.03
157.0 , 190.94
157.0 , 190.85
157.0 , 190.76
157.0 , 190.67
157.0 , 190.58
157.0 , 190.49
157.0 , 190.4
157.0 , 190.31
157.0 , 190.22
157.0 , 190.13
157.0 , 190.04
157.0 , 189.95
157.0 , 189.86
157.0 , 189.77
157.0 , 189.68
157.0 , 189.59
157.0 , 189.5
157.0 , 189.41
157.0 , 189.32
157.0 , 189.23
157.0 , 189.14
157.0 , 189.05
157.0 , 188.96
157.0 , 188.87
157.0 , 188.78
157.0 , 188.69
157.0 , 188.6
157.0 , 188.51
157.0 , 188.42
157.0 , 188.33
157.0 , 188.24
157.0 , 188.15
157.0 , 188.06
157.0 , 187.97
157.0 , 187.88
157.0 , 187.79
157.0 , 187.7
157.0 , 187.61
157.0 , 187.52
157.0 , 187.43
157.0 , 187.34
157.0 , 187.25
157.0 , 187.16
157.0 , 187.07
157.0 , 186.98
157.0 , 186.89
157.0 , 186.8
157.0 , 186.71
157.0 , 186.62
157.0 , 186.53
157.0 , 186.44
157.0 , 186.35
157.0 , 186.26
157.0 , 186.17
157.0 , 186.08
157.0 , 185.99
157.0 , 185.9
157.0 , 185.81
157.0 , 185.72
157.0 , 185.63
157.0 , 185.54
157.0 , 185.45
157.0 , 185.36
157.0 , 185.27
157.0 , 185.18
157.0 , 185.09
157.0 , 184.0
157.0 , 183.91
157.0 , 183.82
157.0 , 183.73
157.0 , 183.64
157.0 , 183.55
157.0 , 183.46
157.0 , 183.37
157.0 , 183.28
157.0 , 183.19
157.0 , 183.1
157.0 , 183.01
157.0 , 182.92
157.0 , 182.83
157.0 , 182.74
157.0 , 182.65
157.0 , 182.56
157.0 , 182.47
157.0 , 182.38
157.0 , 182.29
157.0 , 182.2
157.0 , 182.11
157.0 , 182.02
157.0 , 181.93
157.0 , 181.84
157.0 , 181.75
157.0 , 181.66
157.0 , 181.57
157.0 , 181.48
157.0 , 181.39
157.0 , 181.3
157.0 , 181.21
157.0 , 181.12
157.0 , 181.03
157.0 , 180.94
157.0 , 180.85
157.0 , 180.76
157.0 , 180.67
157.0 , 180.58
157.0 , 180.49
157.0 , 180.4
157.0 , 180.31
157.0 , 180.22
157.0 , 180.13
157.0 , 180.04
157.0 , 179.95
157.0 , 179.86
157.0 , 179.77
157.0 , 179.68
157.0 , 179.59
157.0 , 179.5
157.0 , 179.41
157.0 , 179.32
157.0 , 179.23
157.0 , 179.14
157.0 , 179.05
157.0 , 178.96
157.0 , 178.87
157.0 , 178.78
157.0 , 178.69
157.0 , 178.6
157.0 , 178.51
157.0 , 178.42
157.0 , 178.33
157.0 , 178.24
157.0 , 178.15
157.0 , 178.06
157.0 , 177.97
157.0 , 177.88
157.0 , 177.79
157.0 , 177.7
157.0 , 177.61
157.0 , 177.52
157.0 , 177.43
157.0 , 177.34
157.0 , 177.25
157.0 , 177.16
157.0 , 177.07
157.0 , 176.98
157.0 , 176.89
157.0 , 176.8
157.0 , 176.71
157.0 , 176.62
157.0 , 176.53
157.0 , 176.44
157.0 , 176.35
157.0 , 176.26
157.0 , 176.17
157.0 , 176.08
157.0 , 175.99
157.0 , 175.9
157.0 , 175.81
157.0 , 175.72
157.0 , 175.63
157.0 , 175.54
157.0 , 175.45
157.0 , 175.36
157.0 , 175.27
157.0 , 175.18
157.0 , 175.09
156.0 , 174.0
155.91 , 173.91
155.82 , 173.82
155.73 , 173.73
155.64 , 173.64
155.55 , 173.55
155.46 , 173.46
155.37 , 173.37
155.28 , 173.28
155.19 , 173.19
155.1 , 173.1
155.01 , 173.01
154.92 , 172.92
154.83 , 172.83
154.74 , 172.74
154.65 , 172.66
154.56 , 172.57
154.47 , 172.48
154.38 , 172.39
154.29 , 172.31
154.2 , 172.22
154.11 , 172.14
154.02 , 172.05
153.93 , 171.97
153.84 , 171.89
153.75 , 171.81
153.66 , 171.73
153.57 , 171.65
153.48 , 171.58
153.39 , 171.5
153.3 , 171.43
153.21 , 171.36
153.12 , 171.29
153.03 , 171.22
152.94 , 171.15
152.85 , 171.09
152.76 , 171.03
152.67 , 170.96
152.58 , 170.91
152.49 , 170.85
152.4 , 170.79
152.31 , 170.74
152.22 , 170.69
152.13 , 170.64
152.04 , 170.6
151.95 , 170.55
151.86 , 170.51
151.77 , 170.47
151.68 , 170.43
151.59 , 170.4
151.5 , 170.36
151.41 , 170.33
151.32 , 170.3
151.23 , 170.27
151.14 , 170.25
151.05 , 170.22
150.96 , 170.2
150.87 , 170.18
150.78 , 170.16
150.69 , 170.14
150.6 , 170.12
150.51 , 170.1
150.42 , 170.09
150.33 , 170.07
150.24 , 170.06
150.15 , 170.05
150.06 , 170.03
149.97 , 170.02
149.88 , 170.01
149.79 , 170.0
149.7 , 169.99
149.61 , 169.98
149.52 , 169.97
149.43 , 169.96
149.34 , 169.95
149.25 , 169.94
149.16 , 169.92
149.07 , 169.91
148.98 , 169.9
148.89 , 169.88
148.8 , 169.87
148.71 , 169.85
148.62 , 169.83
148.53 , 169.81
148.44 , 169.79
148.35 , 169.77
148.26 , 169.74
148.17 , 169.71
148.08 , 169.68
147.99 , 169.65
147.9 , 169.61
147.81 , 169.57
147.72 , 169.53
147.63 , 169.48
147.54 , 169.43
147.45 , 169.37
147.36 , 169.31
147.27 , 169.24
147.18 , 169.17
147.09 , 169.09
146.0 , 169.0
145.91 , 169.0
145.82 , 169.0
145.73 , 169.0
145.64 , 169.0
145.55 , 169.0
145.46 , 169.0
145.37 , 169.0
145.28 , 169.0
145.19 , 169.0
145.1 , 169.0
145.01 , 169.0
144.92 , 169.0
144.83 , 169.0
144.74 , 169.0
144.65 , 169.0
144.56 , 169.0
144.47 , 169.0
144.38 , 169.0
144.29 , 169.0
144.2 , 169.0
144.11 , 169.0
144.02 , 169.0
143.93 , 169.0
143.84 , 169.0
143.75 , 169.0
143.66 , 169.0
143.57 , 169.0
143.48 , 169.0
143.39 , 169.0
143.3 , 169.0
143.21 , 169.0
143.12 , 169.0
143.03 , 169.0
142.94 , 169.0
142.85 , 169.0
142.76 , 169.0
142.67 , 169.0
142.58 , 169.0
142.49 , 169.0
142.4 , 169.0
142.31 , 169.0
142.22 , 168.99
142.13 , 168.99
142.04 , 168.99
141.95 , 168.99
141.86 , 168.99
141.77 , 168.99
141.68 , 168.99
141.59 , 168.98
141.5 , 168.98
141.41 , 168.98
141.32 , 168.97
141.23 , 168.97
141.14 , 168.97
141.05 , 168.96
140.96 , 168.96
140.87 , 168.95
140.78 , 168.94
140.69 , 168.94
140.6 , 168.93
140.51 , 168.92
140.42 , 168.91
140.33 , 168.9
140.24 , 168.89
140.15 , 168.88
140.06 , 168.87
139.97 , 168.85
139.88 , 168.84
139.79 , 168.82
139.7 , 168.8
139.61 , 168.79
139.52 , 168.77
139.43 , 168.75
139.34 , 168.72
139.25 , 168.7
139.16 , 168.67
139.07 , 168.65
138.98 , 168.62
138.89 , 168.59
138.8 , 168.56
138.71 , 168.53
138.62 , 168.5
138.53 , 168.47
138.44 , 168.43
138.35 , 168.4
138.26 , 168.37
138.17 , 168.33
138.08 , 168.3
137.99 , 168.26
137.9 , 168.23
137.81 , 168.19
137.72 , 168.16
137.63 , 168.13
137.54 , 168.1
137.45 , 168.07
137.36 , 168.05
137.27 , 168.03
137.18 , 168.01
137.09 , 168.0
136.0 , 168.0
135.91 , 168.0
135.82 , 168.0
135.73 , 168.0
135.64 , 168.0
135.55 , 168.0
135.46 , 168.0
135.37 , 168.0
135.28 , 168.0
135.19 , 168.0
135.1 , 168.0
135.01 , 168.0
134.92 , 168.0
134.83 , 168.0
134.74 , 168.0
134.65 , 168.0
134.56 , 168.0
134.47 , 168.0
134.38 , 168.0
134.29 , 168.0
134.2 , 168.0
134.11 , 168.0
134.02 , 168.0
133.93 , 168.0
133.84 , 168.0
133.75 , 168.0
133.66 , 168.0
133.57 , 168.0
133.48 , 168.0
133.39 , 168.0
133.3 , 168.0
133.21 , 168.0
133.12 , 168.0
133.03 , 168.0
132.94 , 168.0
132.85 , 168.0
132.76 , 168.0
132.67 , 168.0
132.58 , 168.0
132.49 , 168.0
132.4 , 168.0
132.31 , 168.0
132.22 , 168.0
132.13 , 168.0
132.04 , 168.0
131.95 , 168.0
131.86 , 168.0
131.77 , 168.0
131.68 , 168.0
131.59 , 168.0
131.5 , 168.0
131.41 , 168.0
131.32 , 168.0
131.23 , 168.0
131.14 , 168.0
131.05 , 168.0
130.96 , 168.0
130.87 , 168.0
130.78 , 168.0
130.69 , 168.0
130.6 , 168.0
130.51 , 168.0
130.42 , 168.0
130.33 , 168.0
130.24 , 168.0
130.15 , 168.0
130.06 , 168.0
129.97 , 168.0
129.88 , 168.0
129.79 , 168.0
129.7 , 168.0
129.61 , 168.0
129.52 , 168.0
129.43 , 168.0
129.34 , 168.0
129.25 , 168.0
129.16 , 168.0
129.07 , 168.0
128.98 , 168.0
128.89 , 168.0
128.8 , 168.0
128.71 , 168.0
128.62 , 168.0
128.53 , 168.0
128.44 , 168.0
128.35 , 168.0
128.26 , 168.0
128.17 , 168.0
128.08 , 168.0
127.99 , 168.0
127.9 , 168.0
127.81 , 168.0
127.72 , 168.0
127.63 , 168.0
127.54 , 168.0
127.45 , 168.0
127.36 , 168.0
127.27 , 168.0
127.18 , 168.0
127.09 , 168.0
126.0 , 168.0
125.91 , 168.0
125.82 , 168.0
125.73 , 168.0
125.64 , 168.0
125.55 , 168.0
125.46 , 168.0
125.37 , 168.0
125.28 , 168.0
125.19 , 167.99
125.1 , 167.99
125.01 , 167.99
124.92 , 167.98
124.83 , 167.98
124.74 , 167.97
124.65 , 167.97
124.56 , 167.96
124.47 , 167.95
124.38 , 167.94
124.29 , 167.93
124.2 , 167.91
124.11 , 167.9
124.02 , 167.89
123.93 , 167.87
123.84 , 167.85
123.75 , 167.83
123.66 , 167.82
123.57 , 167.79
123.48 , 167.77
123.39 , 167.75
123.3 , 167.73
123.21 , 167.71
123.12 , 167.68
123.03 , 167.66
122.94 , 167.63
122.85 , 167.61
122.76 , 167.58
122.67 , 167.56
122.58 , 167.53
122.49 , 167.51
122.4 , 167.48
122.31 , 167.46
122.22 , 167.43
122.13 , 167.41
122.04 , 167.38
121.95 , 167.36
121.86 , 167.34
121.77 , 167.32
121.68 , 167.29
121.59 , 167.27
121.5 , 167.25
121.41 , 167.23
121.32 , 167.22
121.23 , 167.2
121.14 , 167.18
121.05 , 167.17
120.96 , 167.15
120.87 , 167.14
120.78 , 167.12
120.69 , 167.11
120.6 , 167.1
120.51 , 167.09
120.42 , 167.08
120.33 , 167.07
120.24 , 167.06
120.15 , 167.05
120.06 , 167.05
119.97 , 167.04
119.88 , 167.03
119.79 , 167.03
119.7 , 167.03
119.61 , 167.02
119.52 , 167.02
119.43 , 167.01
119.34 , 167.01
119.25 , 167.01
119.16 , 167.01
119.07 , 167.01
118.98 , 167.01
118.89 , 167.0
118.8 , 167.0
118.71 , 167.0
118.62 , 167.0
118.53 , 167.0
118.44 , 167.0
118.35 , 167.0
118.26 , 167.0
118.17 , 167.0
118.08 , 167.0
117.99 , 167.0
117.9 , 167.0
117.81 , 167.0
117.72 , 167.0
117.63 , 167.0
117.54 , 167.0
117.45 , 167.0
117.36 , 167.0
117.27 , 167.0
117.18 , 167.0
117.09 , 167.0
116.0 , 166.0
115.91 , 165.91
115.82 , 165.82
115.73 , 165.73
115.64 , 165.64
115.55 , 165.55
115.46 , 165.46
115.37 , 165.37
115.28 , 165.28
115.19 , 165.19
115.1 , 165.1
115.01 , 165.01
114.92 , 164.92
114.83 , 164.83
114.74 , 164.74
114.65 , 164.65
114.56 , 164.56
114.47 , 164.47
114.38 , 164.38
114.29 , 164.29
114.2 , 164.2
114.11 , 164.11
114.02 , 164.02
113.93 , 163.93
113.84 , 163.84
113.75 , 163.75
113.66 , 163.66
113.57 , 163.57
113.48 , 163.48
113.39 , 163.39
113.3 , 163.3
113.21 , 163.21
113.12 , 163.12
113.03 , 163.03
112.94 , 162.94
112.85 , 162.85
112.76 , 162.76
112.67 , 162.67
112.58 , 162.58
112.49 , 162.49
112.4 , 162.4
112.31 , 162.31
112.22 , 162.22
112.13 , 162.13
112.04 , 162.04
111.95 , 161.95
111.86 , 161.86
111.77 , 161.77
111.68 , 161.68
111.59 , 161.59
111.5 , 161.5
111.41 , 161.41
111.32 , 161.32
111.23 , 161.23
111.14 , 161.14
111.05 , 161.05
110.96 , 160.96
110.87 , 160.87
110.78 , 160.78
110.69 , 160.69
110.6 , 160.6
110.51 , 160.51
110.42 , 160.42
110.33 , 160.33
110.24 , 160.24
110.15 , 160.15
110.06 , 160.06
109.97 , 159.97
109.88 , 159.88
109.79 , 159.79
109.7 , 159.7
109.61 , 159.61
109.52 , 159.52
109.43 , 159.43
109.34 , 159.34
109.25 , 159.25
109.16 , 159.16
109.07 , 159.07
108.98 , 158.98
108.89 , 158.89
108.8 , 158.8
108.71 , 158.71
108.62 , 158.62
108.53 , 158.53
108.44 , 158.44
108.35 , 158.35
108.26 , 158.26
108.17 , 158.17
108.08 , 158.08
107.99 , 157.99
107.9 , 157.9
107.81 , 157.81
107.72 , 157.72
107.63 , 157.63
107.54 , 157.54
107.45 , 157.45
107.36 , 157.36
107.27 , 157.27
107.18 , 157.18
107.09 , 157.09
106.0 , 156.0
105.91 , 155.91
105.82 , 155.82
105.73 , 155.73
105.64 , 155.64
105.55 , 155.55
105.46 , 155.46
105.37 , 155.37
105.28 , 155.28
105.2 , 155.19
105.11 , 155.1
105.02 , 155.01
104.94 , 154.92
104.85 , 154.83
104.77 , 154.74
104.69 , 154.65
104.61 , 154.56
104.53 , 154.47
104.46 , 154.38
104.38 , 154.29
104.31 , 154.2
104.24 , 154.11
104.17 , 154.02
104.1 , 153.93
104.04 , 153.84
103.98 , 153.75
103.92 , 153.66
103.86 , 153.57
103.8 , 153.48
103.75 , 153.39
103.7 , 153.3
103.65 , 153.21
103.6 , 153.12
103.56 , 153.03
103.52 , 152.94
103.48 , 152.85
103.44 , 152.76
103.41 , 152.67
103.37 , 152.58
103.34 , 152.49
103.31 , 152.4
103.28 , 152.31
103.26 , 152.22
103.24 , 152.13
103.21 , 152.04
103.19 , 151.95
103.17 , 151.86
103.16 , 151.77
103.14 , 151.68
103.12 , 151.59
103.11 , 151.5
103.1 , 151.41
103.09 , 151.32
103.08 , 151.23
103.07 , 151.14
103.06 , 151.05
103.05 , 150.96
103.05 , 150.87
103.04 , 150.78
103.03 , 150.69
103.03 , 150.6
103.02 , 150.51
103.02 , 150.42
103.02 , 150.33
103.02 , 150.24
103.01 , 150.15
103.01 , 150.06
103.01 , 149.97
103.01 , 149.88
103.01 , 149.79
103.0 , 149.7
103.0 , 149.61
103.0 , 149.52
103.0 , 149.43
103.0 , 149.34
103.0 , 149.25
103.0 , 149.16
103.0 , 149.07
103.0 , 148.98
103.0 , 148.89
103.0 , 148.8
103.0 , 148.71
103.0 , 148.62
103.0 , 148.53
103.0 , 148.44
103.0 , 148.35
103.0 , 148.26
103.0 , 148.17
103.0 , 148.08
103.0 , 147.99
103.0 , 147.9
103.0 , 147.81
103.0 , 147.72
103.0 , 147.63
103.0 , 147.54
103.0 , 147.45
103.0 , 147.36
103.0 , 147.27
103.0 , 147.18
103.0 , 147.09
103.0 , 146.0
103.0 , 145.91
103.0 , 145.82
103.0 , 145.73
103.0 , 145.64
103.0 , 145.55
103.0 , 145.46
103.0 , 145.37
103.0 , 145.28
103.0 , 145.19
103.0 , 145.1
103.0 , 145.01
103.0 , 144.92
103.0 , 144.83
103.0 , 144.74
103.0 , 144.65
103.0 , 144.56
103.0 , 144.47
103.0 , 144.38
103.0 , 144.29
103.0 , 144.2
103.0 , 144.11
103.0 , 144.02
103.0 , 143.93
103.0 , 143.84
103.0 , 143.75
103.0 , 143.66
103.0 , 143.57
103.0 , 143.48
103.0 , 143.39
103.0 , 143.3
103.0 , 143.21
103.0 , 143.12
103.0 , 143.03
103.0 , 142.94
103.0 , 142.85
103.0 , 142.76
103.0 , 142.67
103.0 , 142.58
103.0 , 142.49
103.0 , 142.4
103.0 , 142.31
103.0 , 142.22
103.0 , 142.13
103.0 , 142.04
103.0 , 141.95
103.0 , 141.86
103.0 , 141.77
103.0 , 141.68
103.0 , 141.59
103.0 , 141.5
103.0 , 141.41
103.0 , 141.32
103.0 , 141.23
103.0 , 141.14
103.0 , 141.05
103.0 , 140.96
103.0 , 140.87
103.0 , 140.78
103.0 , 140.69
103.0 , 140.6
103.0 , 140.51
103.0 , 140.42
103.0 , 140.33
103.0 , 140.24
103.0 , 140.15
103.0 , 140.06
103.0 , 139.97
103.0 , 139.88
103.0 , 139.79
103.0 , 139.7
103.0 , 139.61
103.0 , 139.52
103.0 , 139.43
103.0 , 139.34
103.0 , 139.25
103.0 , 139.16
103.0 , 139.07
103.0 , 138.98
103.0 , 138.89
103.0 , 138.8
103.0 , 138.71
103.0 , 138.62
103.0 , 138.53
103.0 , 138.44
103.0 , 138.35
103.0 , 138.26
103.0 , 138.17
103.0 , 138.08
103.0 , 137.99
103.0 , 137.9
103.0 , 137.81
103.0 , 137.72
103.0 , 137.63
103.0 , 137.54
103.0 , 137.45
103.0 , 137.36
103.0 , 137.27
103.0 , 137.18
103.0 , 137.09
103.0 , 136.0
103.0 , 135.91
103.0 , 135.82
103.0 , 135.73
103.0 , 135.64
103.0 , 135.55
103.0 , 135.46
103.0 , 135.37
103.0 , 135.28
103.0 , 135.19
103.0 , 135.1
103.0 , 135.01
103.0 , 134.92
103.0 , 134.83
103.0 , 134.74
103.0 , 134.65
103.0 , 134.56
103.0 , 134.47
103.0 , 134.38
103.0 , 134.29
103.0 , 134.2
103.0 , 134.11
103.0 , 134.02
103.0 , 133.93
103.0 , 133.84
103.0 , 133.75
103.0 , 133.66
103.0 , 133.57
103.0 , 133.48
103.0 , 133.39
103.0 , 133.3
103.0 , 133.21
103.0 , 133.12
103.0 , 133.03
103.0 , 132.94
103.0 , 132.85
103.0 , 132.76
103.0 , 132.67
103.0 , 132.58
103.0 , 132.49
103.0 , 132.4
103.0 , 132.31
103.0 , 132.22
103.0 , 132.13
103.0 , 132.04
103.0 , 131.95
103.0 , 131.86
103.0 , 131.77
103.0 , 131.68
103.0 , 131.59
103.0 , 131.5
103.0 , 131.41
103.0 , 131.32
103.0 , 131.23
103.0 , 131.14
103.0 , 131.05
103.0 , 130.96
103.0 , 130.87
103.0 , 130.78
103.0 , 130.69
103.0 , 130.6
103.0 , 130.51
103.0 , 130.42
103.0 , 130.33
103.0 , 130.24
103.0 , 130.15
103.0 , 130.06
103.0 , 129.97
103.0 , 129.88
103.0 , 129.79
103.0 , 129.7
103.0 , 129.61
103.0 , 129.52
103.0 , 129.43
103.0 , 129.34
103.0 , 129.25
103.0 , 129.16
103.0 , 129.07
103.0 , 128.98
103.0 , 128.89
103.0 , 128.8
103.0 , 128.71
103.0 , 128.62
103.0 , 128.53
103.0 , 128.44
103.0 , 128.35
103.0 , 128.26
103.0 , 128.17
103.0 , 128.08
103.0 , 127.99
103.0 , 127.9
103.0 , 127.81
103.0 , 127.72
103.0 , 127.63
103.0 , 127.54
103.0 , 127.45
103.0 , 127.36
103.0 , 127.27
103.0 , 127.18
103.0 , 127.09
103.0 , 126.0
103.0 , 125.91
103.0 , 125.82
103.0 , 125.73
103.0 , 125.64
103.0 , 125.55
103.0 , 125.46
103.0 , 125.37
103.0 , 125.28
103.0 , 125.19
103.0 , 125.1
103.0 , 125.01
103.0 , 124.92
103.0 , 124.83
103.0 , 124.74
103.0 , 124.65
103.0 , 124.56
103.0 , 124.47
103.0 , 124.38
103.0 , 124.29
103.0 , 124.2
103.0 , 124.11
103.0 , 124.02
103.0 , 123.93
103.0 , 123.84
103.0 , 123.75
103.0 , 123.66
103.0 , 123.57
103.0 , 123.48
103.0 , 123.39
103.0 , 123.3
103.0 , 123.21
103.0 , 123.12
103.0 , 123.03
103.0 , 122.94
103.0 , 122.85
103.0 , 122.76
103.0 , 122.67
103.0 , 122.58
103.0 , 122.49
103.0 , 122.4
103.0 , 122.31
103.0 , 122.22
103.0 , 122.13
103.0 , 122.04
103.0 , 121.95
103.0 , 121.86
103.0 , 121.77
103.0 , 121.68
103.0 , 121.59
103.0 , 121.5
103.0 , 121.41
103.0 , 121.32
103.0 , 121.23
103.0 , 121.14
103.0 , 121.05
103.0 , 120.96
103.0 , 120.87
103.0 , 120.78
103.0 , 120.69
103.0 , 120.6
103.0 , 120.51
103.0 , 120.42
103.0 , 120.33
103.0 , 120.24
103.0 , 120.15
103.0 , 120.06
103.0 , 119.97
103.0 , 119.88
103.0 , 119.79
103.0 , 119.7
103.0 , 119.61
103.0 , 119.52
103.0 , 119.43
103.0 , 119.34
103.0 , 119.25
103.0 , 119.16
103.0 , 119.07
103.0 , 118.98
103.0 , 118.89
103.0 , 118.8
103.0 , 118.71
103.0 , 118.62
103.0 , 118.53
103.0 , 118.44
103.0 , 118.35
103.0 , 118.26
103.0 , 118.17
103.0 , 118.08
103.0 , 117.99
103.0 , 117.9
103.0 , 117.81
103.0 , 117.72
103.0 , 117.63
103.0 , 117.54
103.0 , 117.45
103.0 , 117.36
103.0 , 117.27
103.0 , 117.18
103.0 , 117.09
103.0 , 116.0
103.0 , 115.91
103.0 , 115.82
103.0 , 115.73
103.0 , 115.64
103.0 , 115.55
103.0 , 115.46
103.0 , 115.37
103.0 , 115.28
103.0 , 115.19
103.0 , 115.1
103.0 , 115.01
103.0 , 114.92
103.0 , 114.83
103.0 , 114.74
103.0 , 114.65
103.0 , 114.56
103.0 , 114.47
103.0 , 114.38
103.0 , 114.29
103.0 , 114.2
103.0 , 114.11
103.0 , 114.02
103.0 , 113.93
103.0 , 113.84
103.0 , 113.75
103.0 , 113.66
103.0 , 113.57
103.0 , 113.48
103.0 , 113.39
103.0 , 113.3
103.0 , 113.21
103.0 , 113.12
103.0 , 113.03
103.0 , 112.94
103.0 , 112.85
103.0 , 112.76
103.0 , 112.67
103.0 , 112.58
103.0 , 112.49
103.0 , 112.4
103.0 , 112.31
103.0 , 112.22
103.0 , 112.13
103.0 , 112.04
103.0 , 111.95
103.0 , 111.86
103.0 , 111.77
103.0 , 111.68
103.0 , 111.59
103.0 , 111.5
103.0 , 111.41
103.0 , 111.32
103.0 , 111.23
103.0 , 111.14
103.0 , 111.05
103.0 , 110.96
103.0 , 110.87
103.0 , 110.78
103.0 , 110.69
103.0 , 110.6
103.0 , 110.51
103.0 , 110.42
103.0 , 110.33
103.0 , 110.24
103.0 , 110.15
103.0 , 110.06
103.0 , 109.97
103.0 , 109.88
103.0 , 109.79
103.0 , 109.7
103.0 , 109.61
103.0 , 109.52
103.0 , 109.43
103.0 , 109.34
103.0 , 109.25
103.0 , 109.16
103.0 , 109.07
103.0 , 108.98
103.0 , 108.89
103.0 , 108.8
103.0 , 108.71
103.0 , 108.62
103.0 , 108.53
103.0 , 108.44
103.0 , 108.35
103.0 , 108.26
103.0 , 108.17
103.0 , 108.08
103.0 , 107.99
103.0 , 107.9
103.0 , 107.81
103.0 , 107.72
103.0 , 107.63
103.0 , 107.54
103.0 , 107.45
103.0 , 107.36
103.0 , 107.27
103.0 , 107.18
103.0 , 107.09
102.0 , 106.0
102.0 , 105.91
102.0 , 105.82
102.0 , 105.73
102.0 , 105.64
102.0 , 105.55
102.0 , 105.46
102.0 , 105.37
102.0 , 105.28
102.0 , 105.19
102.0 , 105.1
102.0 , 105.01
102.0 , 104.92
102.0 , 104.83
102.0 , 104.74
101.99 , 104.65
101.99 , 104.56
101.99 , 104.47
101.99 , 104.38
101.98 , 104.29
101.98 , 104.2
101.98 , 104.11
101.97 , 104.02
101.97 , 103.93
101.96 , 103.84
101.95 , 103.75
101.94 , 103.66
101.93 , 103.57
101.92 , 103.48
101.91 , 103.39
101.9 , 103.3
101.89 , 103.21
101.87 , 103.12
101.86 , 103.03
101.84 , 102.94
101.83 , 102.85
101.81 , 102.76
101.79 , 102.67
101.77 , 102.58
101.75 , 102.49
101.73 , 102.4
101.71 , 102.31
101.69 , 102.22
101.67 , 102.13
101.64 , 102.04
101.62 , 101.95
101.6 , 101.86
101.57 , 101.77
101.55 , 101.68
101.52 , 101.59
101.5 , 101.5
101.48 , 101.41
101.45 , 101.32
101.43 , 101.23
101.4 , 101.14
101.38 , 101.05
101.36 , 100.96
101.33 , 100.87
101.31 , 100.78
101.29 , 100.69
101.27 , 100.6
101.25 , 100.51
101.23 , 100.42
101.21 , 100.33
101.19 , 100.24
101.17 , 100.15
101.16 , 100.06
101.14 , 99.97
101.13 , 99.88
101.11 , 99.79
101.1 , 99.7
101.09 , 99.61
101.08 , 99.52
101.07 , 99.43
101.06 , 99.34
101.05 , 99.25
101.04 , 99.16
101.03 , 99.07
101.03 , 98.98
101.02 , 98.89
101.02 , 98.8
101.02 , 98.71
101.01 , 98.62
101.01 , 98.53
101.01 , 98.44
101.01 , 98.35
101.0 , 98.26
101.0 , 98.17
101.0 , 98.08
101.0 , 97.99
101.0 , 97.9
101.0 , 97.81
101.0 , 97.72
101.0 , 97.63
101.0 , 97.54
101.0 , 97.45
101.0 , 97.36
101.0 , 97.27
101.0 , 97.18
101.0 , 97.09
101.0 , 96.0
101.0 , 95.91
101.0 , 95.82
101.0 , 95.73
101.0 , 95.64
101.0 , 95.55
101.0 , 95.46
101.0 , 95.37
101.0 , 95.28
101.0 , 95.19
101.0 , 95.1
101.0 , 95.01
101.0 , 94.92
101.0 , 94.83
101.0 , 94.74
101.0 , 94.65
101.0 , 94.56
101.0 , 94.47
101.0 , 94.38
101.0 , 94.29
101.0 , 94.2
101.0 , 94.11
101.0 , 94.02
101.0 , 93.93
101.0 , 93.84
101.0 , 93.75
101.0 , 93.66
101.0 , 93.57
101.0 , 93.48
101.0 , 93.39
101.0 , 93.3
101.0 , 93.21
101.0 , 93.12
101.0 , 93.03
101.0 , 92.94
101.0 , 92.85
101.0 , 92.76
101.0 , 92.67
101.0 , 92.58
101.0 , 92.49
101.0 , 92.4
101.0 , 92.31
101.0 , 92.22
101.0 , 92.13
101.0 , 92.04
101.0 , 91.95
101.0 , 91.86
101.0 , 91.77
101.0 , 91.68
101.0 , 91.59
101.0 , 91.5
101.0 , 91.41
101.0 , 91.32
101.0 , 91.23
101.0 , 91.14
101.0 , 91.05
101.0 , 90.96
101.0 , 90.87
101.0 , 90.78
101.0 , 90.69
101.0 , 90.6
101.0 , 90.51
101.0 , 90.42
101.0 , 90.33
101.0 , 90.24
101.0 , 90.15
101.0 , 90.06
101.0 , 89.97
101.0 , 89.88
101.0 , 89.79
101.0 , 89.7
101.0 , 89.61
101.0 , 89.52
101.0 , 89.43
101.0 , 89.34
101.0 , 89.25
101.0 , 89.16
101.0 , 89.07
101.0 , 88.98
101.0 , 88.89
101.0 , 88.8
101.0 , 88.71
101.0 , 88.62
101.0 , 88.53
101.0 , 88.44
101.0 , 88.35
101.0 , 88.26
101.0 , 88.17
101.0 , 88.08
101.0 , 87.99
101.0 , 87.9
101.0 , 87.81
101.0 , 87.72
101.0 , 87.63
101.0 , 87.54
101.0 , 87.45
101.0 , 87.36
101.0 , 87.27
101.0 , 87.18
101.0 , 87.09
101.0 , 86.0
101.0 , 85.91
101.0 , 85.82
101.0 , 85.73
101.0 , 85.64
101.0 , 85.55
101.0 , 85.46
101.0 , 85.37
101.0 , 85.28
101.0 , 85.19
101.0 , 85.1
101.0 , 85.01
101.0 , 84.92
101.0 , 84.83
101.0 , 84.74
101.0 , 84.65
101.0 , 84.56
101.0 , 84.47
101.0 , 84.38
101.0 , 84.29
101.0 , 84.2
101.0 , 84.11
101.0 , 84.02
101.0 , 83.93
101.0 , 83.84
101.0 , 83.75
101.0 , 83.66
101.0 , 83.57
101.0 , 83.48
101.0 , 83.39
101.0 , 83.3
101.0 , 83.21
101.0 , 83.12
101.0 , 83.03
101.0 , 82.94
101.0 , 82.85
101.0 , 82.76
101.0 , 82.67
101.0 , 82.58
101.0 , 82.49
101.0 , 82.4
101.0 , 82.31
101.0 , 82.22
101.0 , 82.13
101.0 , 82.04
101.0 , 81.95
101.0 , 81.86
101.0 , 81.77
101.0 , 81.68
101.0 , 81.59
101.0 , 81.5
101.0 , 81.41
101.0 , 81.32
101.0 , 81.23
101.0 , 81.14
101.0 , 81.05
101.0 , 80.96
101.0 , 80.87
101.0 , 80.78
101.0 , 80.69
101.0 , 80.6
101.0 , 80.51
101.0 , 80.42
101.0 , 80.33
101.0 , 80.24
101.0 , 80.15
101.0 , 80.06
101.0 , 79.97
101.0 , 79.88
101.0 , 79.79
101.0 , 79.7
101.0 , 79.61
101.0 , 79.52
101.0 , 79.43
101.0 , 79.34
101.0 , 79.25
101.0 , 79.16
101.0 , 79.07
101.0 , 78.98
101.0 , 78.89
101.0 , 78.8
101.0 , 78.71
101.0 , 78.62
101.0 , 78.53
101.0 , 78.44
101.0 , 78.35
101.0 , 78.26
101.0 , 78.17
101.0 , 78.08
101.0 , 77.99
101.0 , 77.9
101.0 , 77.81
101.0 , 77.72
101.0 , 77.63
101.0 , 77.54
101.0 , 77.45
101.0 , 77.36
101.0 , 77.27
101.0 , 77.18
101.0 , 77.09
101.0 , 76.0
101.0 , 75.91
101.0 , 75.82
101.0 , 75.73
101.0 , 75.64
101.0 , 75.55
101.0 , 75.46
101.0 , 75.37
101.0 , 75.28
101.0 , 75.19
101.0 , 75.1
101.0 , 75.01
101.0 , 74.92
101.0 , 74.83
101.0 , 74.74
101.0 , 74.65
101.0 , 74.56
101.0 , 74.47
101.0 , 74.38
101.0 , 74.29
101.0 , 74.2
101.0 , 74.11
101.0 , 74.02
101.0 , 73.93
101.0 , 73.84
101.0 , 73.75
101.0 , 73.66
101.0 , 73.57
101.0 , 73.48
101.0 , 73.39
101.0 , 73.3
101.0 , 73.21
101.0 , 73.12
101.0 , 73.03
101.0 , 72.94
101.0 , 72.85
101.0 , 72.76
101.0 , 72.67
101.0 , 72.58
101.0 , 72.49
101.0 , 72.4
101.0 , 72.31
101.0 , 72.22
101.0 , 72.13
101.0 , 72.04
101.0 , 71.95
101.0 , 71.86
101.0 , 71.77
101.0 , 71.68
101.0 , 71.59
101.0 , 71.5
101.0 , 71.41
101.0 , 71.32
101.0 , 71.23
101.0 , 71.14
101.0 , 71.05
100.99 , 70.96
100.99 , 70.87
100.99 , 70.78
100.99 , 70.69
100.99 , 70.6
100.99 , 70.51
100.99 , 70.42
100.98 , 70.33
100.98 , 70.24
100.98 , 70.15
100.98 , 70.06
100.97 , 69.97
100.97 , 69.88
100.96 , 69.79
100.96 , 69.7
100.95 , 69.61
100.95 , 69.52
100.94 , 69.43
100.93 , 69.34
100.92 , 69.25
100.92 , 69.16
100.9 , 69.07
100.89 , 68.98
100.88 , 68.89
100.87 , 68.8
100.85 , 68.71
100.83 , 68.62
100.81 , 68.53
100.79 , 68.44
100.77 , 68.35
100.74 , 68.26
100.71 , 68.17
100.68 , 68.08
100.65 , 67.99
100.61 , 67.9
100.57 , 67.81
100.53 , 67.72
100.48 , 67.63
100.43 , 67.54
100.37 , 67.45
100.31 , 67.36
100.24 , 67.27
100.17 , 67.18
100.09 , 67.09
99.0 , 66.0
99.0 , 65.91
99.0 , 65.82
99.0 , 65.73
99.0 , 65.64
99.0 , 65.55
99.0 , 65.46
99.0 , 65.37
99.0 , 65.28
99.0 , 65.19
99.0 , 65.1
99.0 , 65.01
99.0 , 64.92
99.0 , 64.83
99.0 , 64.74
98.99 , 64.65
98.99 , 64.56
98.99 , 64.47
98.99 , 64.38
98.98 , 64.29
98.98 , 64.2
98.97 , 64.11
98.97 , 64.02
98.96 , 63.93
98.95 , 63.84
98.94 , 63.75
98.93 , 63.66
98.92 , 63.57
98.9 , 63.48
98.89 , 63.39
98.87 , 63.3
98.85 , 63.21
98.83 , 63.12
98.81 , 63.03
98.79 , 62.94
98.76 , 62.85
98.73 , 62.76
98.71 , 62.67
98.67 , 62.58
98.64 , 62.49
98.6 , 62.4
98.57 , 62.31
98.53 , 62.22
98.49 , 62.13
98.44 , 62.04
98.4 , 61.95
98.35 , 61.86
98.3 , 61.77
98.25 , 61.68
98.19 , 61.59
98.13 , 61.5
98.08 , 61.41
98.02 , 61.32
97.95 , 61.23
97.89 , 61.14
97.82 , 61.05
97.76 , 60.96
97.69 , 60.87
97.62 , 60.78
97.55 , 60.69
97.47 , 60.6
97.4 , 60.51
97.32 , 60.42
97.24 , 60.33
97.16 , 60.24
97.08 , 60.15
97.0 , 60.06
96.92 , 59.97
96.84 , 59.88
96.75 , 59.79
96.67 , 59.7
96.58 , 59.61
96.5 , 59.52
96.41 , 59.43
96.33 , 59.34
96.24 , 59.25
96.15 , 59.16
96.06 , 59.07
95.97 , 58.98
95.89 , 58.89
95.8 , 58.8
95.71 , 58.71
95.62 , 58.62
95.53 , 58.53
95.44 , 58.44
95.35 , 58.35
95.26 , 58.26
95.17 , 58.17
95.08 , 58.08
94.99 , 57.99
94.9 , 57.9
94.81 , 57.81
94.72 , 57.72
94.63 , 57.63
94.54 , 57.54
94.45 , 57.45
94.36 , 57.36
94.27 , 57.27
94.18 , 57.18
94.09 , 57.09
93.0 , 56.0
92.91 , 55.91
92.82 , 55.82
92.73 , 55.73
92.64 , 55.64
92.55 , 55.55
92.46 , 55.46
92.37 , 55.37
92.28 , 55.28
92.19 , 55.19
92.1 , 55.1
92.01 , 55.01
91.92 , 54.92
91.83 , 54.83
91.74 , 54.74
91.65 , 54.65
91.56 , 54.56
91.47 , 54.47
91.38 , 54.38
91.29 , 54.29
91.2 , 54.2
91.11 , 54.11
91.02 , 54.02
90.93 , 53.93
90.84 , 53.84
90.75 , 53.75
90.66 , 53.66
90.57 , 53.57
90.48 , 53.48
90.39 , 53.39
90.3 , 53.3
90.21 , 53.21
90.12 , 53.12
90.03 , 53.03
89.94 , 52.94
89.85 , 52.85
89.76 , 52.76
89.67 , 52.67
89.58 , 52.58
89.49 , 52.49
89.4 , 52.4
89.31 , 52.31
89.22 , 52.22
89.13 , 52.13
89.04 , 52.04
88.95 , 51.95
88.86 , 51.86
88.77 , 51.77
88.68 , 51.68
88.59 , 51.59
88.5 , 51.5
88.41 , 51.41
88.32 , 51.32
88.23 , 51.23
88.14 , 51.14
88.05 , 51.05
87.96 , 50.96
87.87 , 50.87
87.78 , 50.78
87.69 , 50.69
87.6 , 50.6
87.51 , 50.51
87.42 , 50.42
87.33 , 50.33
87.24 , 50.24
87.15 , 50.15
87.06 , 50.06
86.97 , 49.97
86.88 , 49.88
86.79 , 49.79
86.7 , 49.7
86.61 , 49.61
86.52 , 49.52
86.43 , 49.43
86.34 , 49.34
86.25 , 49.25
86.16 , 49.16
86.07 , 49.07
85.98 , 48.98
85.89 , 48.89
85.8 , 48.8
85.71 , 48.71
85.62 , 48.62
85.53 , 48.53
85.44 , 48.44
85.35 , 48.35
85.26 , 48.26
85.17 , 48.17
85.08 , 48.08
84.99 , 47.99
84.9 , 47.9
84.81 , 47.81
84.72 , 47.72
84.63 , 47.63
84.54 , 47.54
84.45 , 47.45
84.36 , 47.36
84.27 , 47.27
84.18 , 47.18
84.09 , 47.09
83.0 , 46.0
82.91 , 45.91
82.82 , 45.83
82.73 , 45.76
82.64 , 45.69
82.55 , 45.63
82.46 , 45.57
82.37 , 45.52
82.28 , 45.47
82.19 , 45.43
82.1 , 45.39
82.01 , 45.35
81.92 , 45.31
81.83 , 45.28
81.74 , 45.25
81.65 , 45.23
81.56 , 45.2
81.47 , 45.18
81.38 , 45.16
81.29 , 45.13
81.2 , 45.11
81.11 , 45.1
81.02 , 45.08
80.93 , 45.06
80.84 , 45.04
80.75 , 45.03
80.66 , 45.01
80.57 , 44.99
80.48 , 44.98
80.39 , 44.96
80.3 , 44.94
80.21 , 44.92
80.12 , 44.91
80.03 , 44.89
79.94 , 44.87
79.85 , 44.85
79.76 , 44.83
79.67 , 44.81
79.58 , 44.79
79.49 , 44.77
79.4 , 44.74
79.31 , 44.72
79.22 , 44.7
79.13 , 44.67
79.04 , 44.65
78.95 , 44.63
78.86 , 44.6
78.77 , 44.58
78.68 , 44.55
78.59 , 44.53
78.5 , 44.5
78.41 , 44.48
78.32 , 44.45
78.23 , 44.43
78.14 , 44.4
78.05 , 44.38
77.96 , 44.36
77.87 , 44.33
77.78 , 44.31
77.69 , 44.29
77.6 , 44.27
77.51 , 44.25
77.42 , 44.23
77.33 , 44.21
77.24 , 44.19
77.15 , 44.17
77.06 , 44.16
76.97 , 44.14
76.88 , 44.13
76.79 , 44.11
76.7 , 44.1
76.61 , 44.09
76.52 , 44.08
76.43 , 44.07
76.34 , 44.06
76.25 , 44.05
76.16 , 44.04
76.07 , 44.03
75.98 , 44.03
75.89 , 44.02
75.8 , 44.02
75.71 , 44.02
75.62 , 44.01
75.53 , 44.01
75.44 , 44.01
75.35 , 44.01
75.26 , 44.0
75.17 , 44.0
75.08 , 44.0
74.99 , 44.0
74.9 , 44.0
74.81 , 44.0
74.72 , 44.0
74.63 , 44.0
74.54 , 44.0
74.45 , 44.0
74.36 , 44.0
74.27 , 44.0
74.18 , 44.0
74.09 , 44.0
73.0 , 44.0
72.91 , 44.0
72.82 , 44.0
72.73 , 44.0
72.64 , 44.0
72.55 , 44.0
72.46 , 44.0
72.37 , 44.0
72.28 , 44.0
72.19 , 44.0
72.1 , 44.0
72.01 , 44.0
71.92 , 44.0
71.83 , 44.0
71.74 , 44.0
71.65 , 44.0
71.56 , 44.0
71.47 , 44.0
71.38 , 44.0
71.29 , 44.0
71.2 , 44.0
71.11 , 44.0
71.02 , 44.0
70.93 , 44.0
70.84 , 44.0
70.75 , 44.0
70.66 , 44.0
70.57 , 44.0
70.48 , 44.0
70.39 , 44.0
70.3 , 44.0
70.21 , 44.0
70.12 , 44.0
70.03 , 44.0
69.94 , 44.0
69.85 , 44.0
69.76 , 44.0
69.67 , 44.0
69.58 , 44.0
69.49 , 44.0
69.4 , 44.0
69.31 , 44.0
69.22 , 44.0
69.13 , 44.0
69.04 , 44.0
68.95 , 44.0
68.86 , 44.0
68.77 , 44.0
68.68 , 44.0
68.59 , 44.0
68.5 , 44.0
68.41 , 44.0
68.32 , 44.0
68.23 , 44.0
68.14 , 44.0
68.05 , 44.0
67.96 , 44.0
67.87 , 44.0
67.78 , 44.0
67.69 , 44.0
67.6 , 44.0
67.51 , 44.0
67.42 , 44.0
67.33 , 44.0
67.24 , 44.0
67.15 , 44.0
67.06 , 44.0
66.97 , 44.0
66.88 , 44.0
66.79 , 44.0
66.7 , 44.0
66.61 , 44.0
66.52 , 44.0
66.43 , 44.0
66.34 , 44.0
66.25 , 44.0
66.16 , 44.0
66.07 , 44.0
65.98 , 44.0
65.89 , 44.0
65.8 , 44.0
65.71 , 44.0
65.62 , 44.0
65.53 , 44.0
65.44 , 44.0
65.35 , 44.0
65.26 , 44.0
65.17 , 44.0
65.08 , 44.0
64.99 , 44.0
64.9 , 44.0
64.81 , 44.0
64.72 , 44.0
64.63 , 44.0
64.54 , 44.0
64.45 , 44.0
64.36 , 44.0
64.27 , 44.0
64.18 , 44.0
64.09 , 44.0
63.0 , 44.0
62.91 , 44.0
62.82 , 44.0
62.73 , 44.0
62.64 , 44.0
62.55 , 44.0
62.46 , 44.0
62.37 , 44.0
62.28 , 44.0
62.19 , 44.0
62.1 , 44.0
62.01 , 44.0
61.92 , 44.0
61.83 , 44.0
61.74 , 44.0
61.65 , 44.0
61.56 , 44.0
61.47 , 44.0
61.38 , 44.0
61.29 , 44.0
61.2 , 44.0
61.11 , 44.0
61.02 , 44.0
60.93 , 44.0
60.84 , 44.0
60.75 , 44.0
60.66 , 44.0
60.57 , 44.0
60.48 , 44.0
60.39 , 44.0
60.3 , 44.0
60.21 , 44.0
60.12 , 44.0
60.03 , 44.0
59.94 , 44.0
59.85 , 44.0
59.76 , 44.0
59.67 , 44.0
59.58 , 44.0
59.49 , 44.0
59.4 , 44.0
59.31 , 44.0
59.22 , 44.0
59.13 , 44.0
59.04 , 44.0
58.95 , 44.0
58.86 , 44.0
58.77 , 44.0
58.68 , 44.0
58.59 , 44.0
58.5 , 44.0
58.41 , 44.0
58.32 , 44.0
58.23 , 44.0
58.14 , 44.0
58.05 , 44.0
57.96 , 44.0
57.87 , 44.0
57.78 , 44.0
57.69 , 44.0
57.6 , 44.0
57.51 , 44.0
57.42 , 44.0
57.33 , 44.0
57.24 , 44.0
57.15 , 44.0
57.06 , 44.0
56.97 , 44.0
56.88 , 44.0
56.79 , 44.0
56.7 , 44.0
56.61 , 44.0
56.52 , 44.0
56.43 , 44.0
56.34 , 44.0
56.25 , 44.0
56.16 , 44.0
56.07 , 44.0
55.98 , 44.0
55.89 , 44.0
55.8 , 44.0
55.71 , 44.0
55.62 , 44.0
55.53 , 44.0
55.44 , 44.0
55.35 , 44.0
55.26 , 44.0
55.17 , 44.0
55.08 , 44.0
54.99 , 44.0
54.9 , 44.0
54.81 , 44.0
54.72 , 44.0
54.63 , 44.0
54.54 , 44.0
54.45 , 44.0
54.36 , 44.0
54.27 , 44.0
54.18 , 44.0
54.09 , 44.0
53.0 , 43.0
52.91 , 43.0
52.82 , 43.0
52.73 , 43.0
52.64 , 43.0
52.55 , 42.99
52.46 , 42.98
52.37 , 42.98
52.28 , 42.97
52.19 , 42.95
52.1 , 42.94
52.01 , 42.92
51.92 , 42.9
51.83 , 42.88
51.74 , 42.85
51.65 , 42.82
51.56 , 42.79
51.47 , 42.75
51.38 , 42.72
51.29 , 42.68
51.2 , 42.63
51.11 , 42.59
51.02 , 42.54
50.93 , 42.49
50.84 , 42.44
50.75 , 42.38
50.66 , 42.33
50.57 , 42.27
50.48 , 42.21
50.39 , 42.15
50.3 , 42.09
50.21 , 42.03
50.12 , 41.96
50.03 , 41.9
49.94 , 41.83
49.85 , 41.76
49.76 , 41.7
49.67 , 41.63
49.58 , 41.56
49.49 , 41.49
49.4 , 41.42
49.31 , 41.35
49.22 , 41.29
49.13 , 41.22
49.04 , 41.15
48.95 , 41.08
48.86 , 41.02
48.77 , 40.95
48.68 , 40.88
48.59 , 40.82
48.5 , 40.75
48.41 , 40.69
48.32 , 40.63
48.23 , 40.57
48.14 , 40.5
48.05 , 40.44
47.96 , 40.39
47.87 , 40.33
47.78 , 40.27
47.69 , 40.21
47.6 , 40.16
47.51 , 40.11
47.42 , 40.05
47.33 , 40.0
47.24 , 39.95
47.15 , 39.9
47.06 , 39.85
46.97 , 39.8
46.88 , 39.76
46.79 , 39.71
46.7 , 39.67
46.61 , 39.62
46.52 , 39.58
46.43 , 39.54
46.34 , 39.5
46.25 , 39.46
46.16 , 39.42
46.07 , 39.39
45.98 , 39.35
45.89 , 39.32
45.8 , 39.28
45.71 , 39.25
45.62 , 39.22
45.53 , 39.2
45.44 , 39.17
45.35 , 39.15
45.26 , 39.12
45.17 , 39.1
45.08 , 39.09
44.99 , 39.07
44.9 , 39.05
44.81 , 39.04
44.72 , 39.03
44.63 , 39.02
44.54 , 39.01
44.45 , 39.01
44.36 , 39.0
44.27 , 39.0
44.18 , 39.0
44.09 , 39.0
43.0 , 38.0
42.91 , 37.91
42.82 , 37.82
42.73 , 37.73
42.64 , 37.64
42.55 , 37.56
42.46 , 37.48
42.37 , 37.39
42.28 , 37.31
42.19 , 37.24
42.1 , 37.16
42.01 , 37.09
41.92 , 37.02
41.83 , 36.96
41.74 , 36.89
41.65 , 36.83
41.56 , 36.77
41.47 , 36.72
41.38 , 36.67
41.29 , 36.62
41.2 , 36.57
41.11 , 36.53
41.02 , 36.49
40.93 , 36.45
40.84 , 36.42
40.75 , 36.38
40.66 , 36.35
40.57 , 36.33
40.48 , 36.3
40.39 , 36.28
40.3 , 36.26
40.21 , 36.24
40.12 , 36.22
40.03 , 36.21
39.94 , 36.2
39.85 , 36.18
39.76 , 36.18
39.67 , 36.17
39.58 , 36.16
39.49 , 36.16
39.4 , 36.15
39.31 , 36.15
39.22 , 36.15
39.13 , 36.15
39.04 , 36.16
38.95 , 36.16
38.86 , 36.16
38.77 , 36.17
38.68 , 36.17
38.59 , 36.18
38.5 , 36.19
38.41 , 36.19
38.32 , 36.2
38.23 , 36.21
38.14 , 36.21
38.05 , 36.22
37.96 , 36.23
37.87 , 36.24
37.78 , 36.24
37.69 , 36.25
37.6 , 36.25
37.51 , 36.26
37.42 , 36.26
37.33 , 36.27
37.24 , 36.27
37.15 , 36.27
37.06 , 36.27
36.97 , 36.27
36.88 , 36.27
36.79 , 36.27
36.7 , 36.27
36.61 , 36.26
36.52 , 36.26
36.43 , 36.25
36.34 , 36.24
36.25 , 36.23
36.16 , 36.22
36.07 , 36.21
35.98 , 36.2
35.89 , 36.19
35.8 , 36.18
35.71 , 36.16
35.62 , 36.15
35.53 , 36.13
35.44 , 36.12
35.35 , 36.11
35.26 , 36.09
35.17 , 36.08
35.08 , 36.07
34.99 , 36.06
34.9 , 36.04
34.81 , 36.03
34.72 , 36.03
34.63 , 36.02
34.54 , 36.01
34.45 , 36.01
34.36 , 36.0
34.27 , 36.0
34.18 , 36.0
34.09 , 36.0
33.0 , 36.0
32.91 , 35.91
32.82 , 35.83
32.73 , 35.76
32.64 , 35.69
32.55 , 35.63
32.46 , 35.57
32.37 , 35.52
32.28 , 35.47
32.19 , 35.42
32.1 , 35.38
32.01 , 35.34
31.92 , 35.3
31.83 , 35.26
31.74 , 35.23
31.65 , 35.2
31.56 , 35.17
31.47 , 35.13
31.38 , 35.1
31.29 , 35.07
31.2 , 35.05
31.11 , 35.02
31.02 , 34.99
30.93 , 34.96
30.84 , 34.93
30.75 , 34.9
30.66 , 34.87
30.57 , 34.84
30.48 , 34.81
30.39 , 34.78
30.3 , 34.74
30.21 , 34.71
30.12 , 34.68
30.03 , 34.65
29.94 , 34.61
29.85 , 34.58
29.76 , 34.54
29.67 , 34.5
29.58 , 34.47
29.49 , 34.43
29.4 , 34.39
29.31 , 34.36
29.22 , 34.32
29.13 , 34.28
29.04 , 34.24
28.95 , 34.2
28.86 , 34.16
28.77 , 34.12
28.68 , 34.08
28.59 , 34.04
28.5 , 34.0
28.41 , 33.96
28.32 , 33.92
28.23 , 33.88
28.14 , 33.84
28.05 , 33.8
27.96 , 33.76
27.87 , 33.72
27.78 , 33.68
27.69 , 33.64
27.6 , 33.61
27.51 , 33.57
27.42 , 33.53
27.33 , 33.5
27.24 , 33.46
27.15 , 33.42
27.06 , 33.39
26.97 , 33.35
26.88 , 33.32
26.79 , 33.29
26.7 , 33.26
26.61 , 33.22
26.52 , 33.19
26.43 , 33.16
26.34 , 33.13
26.25 , 33.1
26.16 , 33.07
26.07 , 33.04
25.98 , 33.01
25.89 , 32.98
25.8 , 32.95
25.71 , 32.93
25.62 , 32.9
25.53 , 32.87
25.44 , 32.83
25.35 , 32.8
25.26 , 32.77
25.17 , 32.74
25.08 , 32.7
24.99 , 32.66
24.9 , 32.62
24.81 , 32.58
24.72 , 32.53
24.63 , 32.48
24.54 , 32.43
24.45 , 32.37
24.36 , 32.31
24.27 , 32.24
24.18 , 32.17
24.09 , 32.09
23.0 , 32.0
22.91 , 32.0
22.82 , 31.99
22.73 , 31.97
22.64 , 31.95
22.55 , 31.93
22.46 , 31.9
22.37 , 31.87
22.28 , 31.84
22.19 , 31.81
22.1 , 31.77
22.01 , 31.74
21.92 , 31.7
21.83 , 31.67
21.74 , 31.63
21.65 , 31.59
21.56 , 31.56
21.47 , 31.52
21.38 , 31.49
21.29 , 31.45
21.2 , 31.42
21.11 , 31.38
21.02 , 31.35
20.93 , 31.32
20.84 , 31.28
20.75 , 31.25
20.66 , 31.22
20.57 , 31.19
20.48 , 31.16
20.39 , 31.13
20.3 , 31.1
20.21 , 31.07
20.12 , 31.04
20.03 , 31.01
19.94 , 30.98
19.85 , 30.95
19.76 , 30.92
19.67 , 30.89
19.58 , 30.86
19.49 , 30.83
19.4 , 30.8
19.31 , 30.77
19.22 , 30.74
19.13 , 30.71
19.04 , 30.68
18.95 , 30.65
18.86 , 30.62
18.77 , 30.59
18.68 , 30.56
18.59 , 30.53
18.5 , 30.5
18.41 , 30.47
18.32 , 30.44
18.23 , 30.41
18.14 , 30.38
18.05 , 30.35
17.96 , 30.32
17.87 , 30.29
17.78 , 30.26
17.69 , 30.23
17.6 , 30.2
17.51 , 30.17
17.42 , 30.14
17.33 , 30.11
17.24 , 30.08
17.15 , 30.05
17.06 , 30.02
16.97 , 29.99
16.88 , 29.96
16.79 , 29.93
16.7 , 29.9
16.61 , 29.87
16.52 , 29.84
16.43 , 29.81
16.34 , 29.78
16.25 , 29.75
16.16 , 29.72
16.07 , 29.68
15.98 , 29.65
15.89 , 29.62
15.8 , 29.58
15.71 , 29.55
15.62 , 29.51
15.53 , 29.48
15.44 , 29.44
15.35 , 29.41
15.26 , 29.37
15.17 , 29.33
15.08 , 29.3
14.99 , 29.26
14.9 , 29.23
14.81 , 29.19
14.72 , 29.16
14.63 , 29.13
14.54 , 29.1
14.45 , 29.07
14.36 , 29.05
14.27 , 29.03
14.18 , 29.01
14.09 , 29.0
13.0 , 29.0
12.91 , 28.91
12.82 , 28.83
12.73 , 28.76
12.64 , 28.69
12.55 , 28.63
12.46 , 28.57
12.37 , 28.52
12.28 , 28.47
12.19 , 28.43
12.1 , 28.39
12.01 , 28.35
11.92 , 28.31
11.83 , 28.28
11.74 , 28.25
11.65 , 28.23
11.56 , 28.2
11.47 , 28.18
11.38 , 28.16
11.29 , 28.13
11.2 , 28.11
11.11 , 28.1
11.02 , 28.08
10.93 , 28.06
10.84 , 28.04
10.75 , 28.03
10.66 , 28.01
10.57 , 27.99
10.48 , 27.98
10.39 , 27.96
10.3 , 27.94
10.21 , 27.92
10.12 , 27.91
10.03 , 27.89
9.94 , 27.87
9.85 , 27.85
9.76 , 27.83
9.67 , 27.81
9.58 , 27.78
9.49 , 27.76
9.4 , 27.74
9.31 , 27.72
9.22 , 27.69
9.13 , 27.67
9.04 , 27.64
8.95 , 27.62
8.86 , 27.59
8.77 , 27.56
8.68 , 27.54
8.59 , 27.51
8.5 , 27.48
8.41 , 27.45
8.32 , 27.43
8.23 , 27.4
8.14 , 27.37
8.05 , 27.34
7.96 , 27.31
7.87 , 27.28
7.78 , 27.25
7.69 , 27.23
7.6 , 27.2
7.51 , 27.17
7.42 , 27.14
7.33 , 27.11
7.24 , 27.08
7.15 , 27.05
7.06 , 27.02
6.97 , 26.99
6.88 , 26.96
6.79 , 26.93
6.7 , 26.9
6.61 , 26.87
6.52 , 26.84
6.43 , 26.81
6.34 , 26.78
6.25 , 26.75
6.16 , 26.72
6.07 , 26.68
5.98 , 26.65
5.89 , 26.62
5.8 , 26.58
5.71 , 26.55
5.62 , 26.51
5.53 , 26.48
5.44 , 26.44
5.35 , 26.41
5.26 , 26.37
5.17 , 26.33
5.08 , 26.3
4.99 , 26.26
4.9 , 26.23
4.81 , 26.19
4.72 , 26.16
4.63 , 26.13
4.54 , 26.1
4.45 , 26.07
4.36 , 26.05
4.27 , 26.03
4.18 , 26.01
4.09 , 26.0
